<?xml version="1.0" encoding="UTF-8"?>
<qes:espresso xsi:schemaLocation="http://www.quantum-espresso.org/ns/qes/qes-1.0 http://www.quantum-espresso.org/ns/qes/qes_200420.xsd" Units="Hartree atomic units" xmlns:xsi="http://www.w3.org/2001/XMLSchema-instance" xmlns:qes="http://www.quantum-espresso.org/ns/qes/qes-1.0">
  <!--All quantities are in Hartree atomic units unless otherwise specified-->
  <general_info>
    <xml_format NAME="QEXSD" VERSION="20.04.20">QEXSD_20.04.20</xml_format>
    <creator NAME="PWSCF" VERSION="6.6">XML file generated by PWSCF</creator>
    <created DATE=" 7Sep2023" TIME="21: 3: 4">This run was terminated on:  21: 3: 4   7 Sep 2023</created>
    <job></job>
  </general_info>
  <parallel_info>
    <nprocs>56</nprocs>
    <nthreads>1</nthreads>
    <ntasks>1</ntasks>
    <nbgrp>1</nbgrp>
    <npool>4</npool>
    <ndiag>14</ndiag>
  </parallel_info>
  <input>
    <control_variables>
      <title></title>
      <calculation>scf</calculation>
      <restart_mode>from_scratch</restart_mode>
      <prefix>nio</prefix>
      <pseudo_dir>./</pseudo_dir>
      <outdir>./</outdir>
      <stress>false</stress>
      <forces>false</forces>
      <wf_collect>true</wf_collect>
      <disk_io>low</disk_io>
      <max_seconds>10000000</max_seconds>
      <nstep>1</nstep>
      <etot_conv_thr>5.000000000000000e-5</etot_conv_thr>
      <forc_conv_thr>5.000000000000000e-4</forc_conv_thr>
      <press_conv_thr>5.000000000000000e-1</press_conv_thr>
      <verbosity>low</verbosity>
      <print_every>100000</print_every>
    </control_variables>
    <atomic_species ntyp="4">
      <species name="Ni1">
        <mass>1.000000000000000e0</mass>
        <pseudo_file>Ni_ONCV_PBE_fr.upf</pseudo_file>
        <starting_magnetization>5.000000000000000e-1</starting_magnetization>
      </species>
      <species name="Ni2">
        <mass>1.000000000000000e0</mass>
        <pseudo_file>Ni_ONCV_PBE_fr.upf</pseudo_file>
        <starting_magnetization>-5.000000000000000e-1</starting_magnetization>
      </species>
      <species name="O1">
        <mass>1.000000000000000e0</mass>
        <pseudo_file>O_ONCV_PBE_fr.upf</pseudo_file>
        <starting_magnetization>0.000000000000000e0</starting_magnetization>
      </species>
      <species name="O2">
        <mass>1.000000000000000e0</mass>
        <pseudo_file>O_ONCV_PBE_fr.upf</pseudo_file>
        <starting_magnetization>0.000000000000000e0</starting_magnetization>
      </species>
    </atomic_species>
    <atomic_structure nat="16" alat="1.117228714275e1">
      <atomic_positions>
        <atom name="Ni1" index="1">0.000000000000000e0 0.000000000000000e0 -3.950000000000000e0</atom>
        <atom name="Ni1" index="2">7.900000000000000e0 3.950000000000000e0 0.000000000000000e0</atom>
        <atom name="Ni1" index="3">3.950000000000000e0 7.900000000000000e0 0.000000000000000e0</atom>
        <atom name="Ni1" index="4">3.950000000000000e0 3.950000000000000e0 3.950000000000000e0</atom>
        <atom name="Ni2" index="5">3.950000000000000e0 3.950000000000000e0 -3.950000000000000e0</atom>
        <atom name="Ni2" index="6">3.950000000000000e0 0.000000000000000e0 0.000000000000000e0</atom>
        <atom name="Ni2" index="7">0.000000000000000e0 3.950000000000000e0 0.000000000000000e0</atom>
        <atom name="Ni2" index="8">7.900000000000000e0 7.900000000000000e0 3.950000000000000e0</atom>
        <atom name="O1" index="9">0.000000000000000e0 0.000000000000000e0 0.000000000000000e0</atom>
        <atom name="O2" index="10">3.950000000000000e0 3.950000000000000e0 0.000000000000000e0</atom>
        <atom name="O2" index="11">0.000000000000000e0 3.950000000000000e0 3.950000000000000e0</atom>
        <atom name="O2" index="12">3.950000000000000e0 0.000000000000000e0 3.950000000000000e0</atom>
        <atom name="O2" index="13">7.900000000000000e0 3.950000000000000e0 3.950000000000000e0</atom>
        <atom name="O2" index="14">3.950000000000000e0 7.900000000000000e0 3.950000000000000e0</atom>
        <atom name="O2" index="15">3.950000000000000e0 3.950000000000000e0 7.900000000000000e0</atom>
        <atom name="O2" index="16">7.900000000000000e0 7.900000000000000e0 7.900000000000000e0</atom>
      </atomic_positions>
      <cell>
        <a1>7.900000000000000e0 7.900000000000000e0 0.000000000000000e0</a1>
        <a2>7.900000000000000e0 0.000000000000000e0 7.900000000000000e0</a2>
        <a3>0.000000000000000e0 7.900000000000000e0 7.900000000000000e0</a3>
      </cell>
    </atomic_structure>
    <dft>
      <functional>PBE</functional>
      <dftU>
        <lda_plus_u_kind>0</lda_plus_u_kind>
        <Hubbard_U specie="Ni1" label="3d">1.000000000000000e-10</Hubbard_U>
        <Hubbard_U specie="Ni2" label="3d">1.000000000000000e-10</Hubbard_U>
        <Hubbard_U specie="O1" label="2p">1.000000000000000e-10</Hubbard_U>
        <Hubbard_U specie="O2" label="2p">1.000000000000000e-10</Hubbard_U>
        <Hubbard_alpha specie="Ni1" label="3d">1.000000000000000e-1</Hubbard_alpha>
        <Hubbard_alpha specie="Ni2" label="3d">0.000000000000000e0</Hubbard_alpha>
        <Hubbard_alpha specie="O1" label="2p">0.000000000000000e0</Hubbard_alpha>
        <Hubbard_alpha specie="O2" label="2p">0.000000000000000e0</Hubbard_alpha>
        <U_projection_type>atomic</U_projection_type>
      </dftU>
    </dft>
    <spin>
      <lsda>true</lsda>
      <noncolin>false</noncolin>
      <spinorbit>false</spinorbit>
    </spin>
    <bands>
      <nbnd>120</nbnd>
      <smearing degauss="5.000000000000e-3">gaussian</smearing>
      <tot_charge>0.000000000000000e0</tot_charge>
      <occupations>smearing</occupations>
    </bands>
    <basis>
      <gamma_only>false</gamma_only>
      <ecutwfc>4.000000000000000e1</ecutwfc>
      <ecutrho>1.600000000000000e2</ecutrho>
    </basis>
    <electron_control>
      <diagonalization>davidson</diagonalization>
      <mixing_mode>plain</mixing_mode>
      <mixing_beta>3.000000000000000e-1</mixing_beta>
      <conv_thr>4.999999999999999e-9</conv_thr>
      <mixing_ndim>8</mixing_ndim>
      <max_nstep>100</max_nstep>
      <real_space_q>false</real_space_q>
      <real_space_beta>false</real_space_beta>
      <tq_smoothing>false</tq_smoothing>
      <tbeta_smoothing>false</tbeta_smoothing>
      <diago_thr_init>1.470000000000000e-12</diago_thr_init>
      <diago_full_acc>false</diago_full_acc>
      <diago_cg_maxiter>20</diago_cg_maxiter>
      <diago_ppcg_maxiter>20</diago_ppcg_maxiter>
    </electron_control>
    <k_points_IBZ>
      <monkhorst_pack nk1="2" nk2="2" nk3="2" k1="0" k2="0" k3="0">Monkhorst-Pack</monkhorst_pack>
    </k_points_IBZ>
    <ion_control>
      <ion_dynamics>none</ion_dynamics>
      <upscale>1.000000000000000e2</upscale>
      <remove_rigid_rot>false</remove_rigid_rot>
      <refold_pos>false</refold_pos>
    </ion_control>
    <cell_control>
      <cell_dynamics>none</cell_dynamics>
      <pressure>0.000000000000000e0</pressure>
      <wmass>1.600000000000000e1</wmass>
      <cell_factor>0.000000000000000e0</cell_factor>
      <fix_volume>false</fix_volume>
      <fix_area>false</fix_area>
      <isotropic>false</isotropic>
    </cell_control>
    <symmetry_flags>
      <nosym>false</nosym>
      <nosym_evc>false</nosym_evc>
      <noinv>false</noinv>
      <no_t_rev>false</no_t_rev>
      <force_symmorphic>false</force_symmorphic>
      <use_all_frac>false</use_all_frac>
    </symmetry_flags>
  </input>
  <output>
    <convergence_info>
      <scf_conv>
        <convergence_achieved>true</convergence_achieved>
        <n_scf_steps>8</n_scf_steps>
        <scf_error>2.888090621236308e-9</scf_error>
      </scf_conv>
    </convergence_info>
    <algorithmic_info>
      <real_space_q>false</real_space_q>
      <real_space_beta>false</real_space_beta>
      <uspp>false</uspp>
      <paw>false</paw>
    </algorithmic_info>
    <atomic_species ntyp="4" pseudo_dir="./">
      <species name="Ni1">
        <mass>1.000000000000000e0</mass>
        <pseudo_file>Ni_ONCV_PBE_fr.upf</pseudo_file>
        <starting_magnetization>5.000000000000000e-1</starting_magnetization>
      </species>
      <species name="Ni2">
        <mass>1.000000000000000e0</mass>
        <pseudo_file>Ni_ONCV_PBE_fr.upf</pseudo_file>
        <starting_magnetization>-5.000000000000000e-1</starting_magnetization>
      </species>
      <species name="O1">
        <mass>1.000000000000000e0</mass>
        <pseudo_file>O_ONCV_PBE_fr.upf</pseudo_file>
        <starting_magnetization>0.000000000000000e0</starting_magnetization>
      </species>
      <species name="O2">
        <mass>1.000000000000000e0</mass>
        <pseudo_file>O_ONCV_PBE_fr.upf</pseudo_file>
        <starting_magnetization>0.000000000000000e0</starting_magnetization>
      </species>
    </atomic_species>
    <atomic_structure nat="16" alat="7.900000000000e0">
      <atomic_positions>
        <atom name="Ni1" index="1">0.000000000000000e0 0.000000000000000e0 -3.950000000000000e0</atom>
        <atom name="Ni1" index="2">7.900000000000000e0 3.950000000000000e0 0.000000000000000e0</atom>
        <atom name="Ni1" index="3">3.950000000000000e0 7.900000000000000e0 0.000000000000000e0</atom>
        <atom name="Ni1" index="4">3.950000000000000e0 3.950000000000000e0 3.950000000000000e0</atom>
        <atom name="Ni2" index="5">3.950000000000000e0 3.950000000000000e0 -3.950000000000000e0</atom>
        <atom name="Ni2" index="6">3.950000000000000e0 0.000000000000000e0 0.000000000000000e0</atom>
        <atom name="Ni2" index="7">0.000000000000000e0 3.950000000000000e0 0.000000000000000e0</atom>
        <atom name="Ni2" index="8">7.900000000000000e0 7.900000000000000e0 3.950000000000000e0</atom>
        <atom name="O1" index="9">0.000000000000000e0 0.000000000000000e0 0.000000000000000e0</atom>
        <atom name="O2" index="10">3.950000000000000e0 3.950000000000000e0 0.000000000000000e0</atom>
        <atom name="O2" index="11">0.000000000000000e0 3.950000000000000e0 3.950000000000000e0</atom>
        <atom name="O2" index="12">3.950000000000000e0 0.000000000000000e0 3.950000000000000e0</atom>
        <atom name="O2" index="13">7.900000000000000e0 3.950000000000000e0 3.950000000000000e0</atom>
        <atom name="O2" index="14">3.950000000000000e0 7.900000000000000e0 3.950000000000000e0</atom>
        <atom name="O2" index="15">3.950000000000000e0 3.950000000000000e0 7.900000000000000e0</atom>
        <atom name="O2" index="16">7.900000000000000e0 7.900000000000000e0 7.900000000000000e0</atom>
      </atomic_positions>
      <cell>
        <a1>7.900000000000000e0 7.900000000000000e0 0.000000000000000e0</a1>
        <a2>7.900000000000000e0 0.000000000000000e0 7.900000000000000e0</a2>
        <a3>0.000000000000000e0 7.900000000000000e0 7.900000000000000e0</a3>
      </cell>
    </atomic_structure>
    <symmetries>
      <nsym>6</nsym>
      <nrot>48</nrot>
      <space_group>0</space_group>
      <symmetry>
        <info name="identity">crystal_symmetry</info>
        <rotation rank="2" dims="3 3" order="F">
          1.000000000000000e0 0.000000000000000e0 0.000000000000000e0
          0.000000000000000e0 1.000000000000000e0 0.000000000000000e0
          0.000000000000000e0 0.000000000000000e0 1.000000000000000e0
          </rotation>
        <fractional_translation>0.000000000000000e0 0.000000000000000e0 0.000000000000000e0</fractional_translation>
        <equivalent_atoms nat="16" size="16">
          1 2 3 4 5 6 7 8
          9 10 11 12 13 14 15 16
          </equivalent_atoms>
      </symmetry>
      <symmetry>
        <info name="120 deg rotation - cart. axis [-1,-1,-1]">crystal_symmetry</info>
        <rotation rank="2" dims="3 3" order="F">
          0.000000000000000e0 0.000000000000000e0 1.000000000000000e0
          1.000000000000000e0 0.000000000000000e0 0.000000000000000e0
          0.000000000000000e0 1.000000000000000e0 0.000000000000000e0
          </rotation>
        <fractional_translation>0.000000000000000e0 0.000000000000000e0 0.000000000000000e0</fractional_translation>
        <equivalent_atoms nat="16" size="16">
          2 3 1 4 5 8 6 7
          9 12 10 11 15 13 14 16
          </equivalent_atoms>
      </symmetry>
      <symmetry>
        <info name="120 deg rotation - cart. axis [1,1,1]">crystal_symmetry</info>
        <rotation rank="2" dims="3 3" order="F">
          0.000000000000000e0 1.000000000000000e0 0.000000000000000e0
          0.000000000000000e0 0.000000000000000e0 1.000000000000000e0
          1.000000000000000e0 0.000000000000000e0 0.000000000000000e0
          </rotation>
        <fractional_translation>0.000000000000000e0 0.000000000000000e0 0.000000000000000e0</fractional_translation>
        <equivalent_atoms nat="16" size="16">
          3 1 2 4 5 7 8 6
          9 11 12 10 14 15 13 16
          </equivalent_atoms>
      </symmetry>
      <symmetry>
        <info name="inv. 180 deg rotation - cart. axis [1,-1,0]">crystal_symmetry</info>
        <rotation rank="2" dims="3 3" order="F">
          1.000000000000000e0 0.000000000000000e0 0.000000000000000e0
          0.000000000000000e0 0.000000000000000e0 1.000000000000000e0
          0.000000000000000e0 1.000000000000000e0 0.000000000000000e0
          </rotation>
        <fractional_translation>0.000000000000000e0 0.000000000000000e0 0.000000000000000e0</fractional_translation>
        <equivalent_atoms nat="16" size="16">
          1 3 2 4 5 7 6 8
          9 10 12 11 14 13 15 16
          </equivalent_atoms>
      </symmetry>
      <symmetry>
        <info name="inv. 180 deg rotation - cart. axis [-1,0,1]">crystal_symmetry</info>
        <rotation rank="2" dims="3 3" order="F">
          0.000000000000000e0 0.000000000000000e0 1.000000000000000e0
          0.000000000000000e0 1.000000000000000e0 0.000000000000000e0
          1.000000000000000e0 0.000000000000000e0 0.000000000000000e0
          </rotation>
        <fractional_translation>0.000000000000000e0 0.000000000000000e0 0.000000000000000e0</fractional_translation>
        <equivalent_atoms nat="16" size="16">
          3 2 1 4 5 8 7 6
          9 11 10 12 15 14 13 16
          </equivalent_atoms>
      </symmetry>
      <symmetry>
        <info name="inv. 180 deg rotation - cart. axis [0,1,-1]">crystal_symmetry</info>
        <rotation rank="2" dims="3 3" order="F">
          0.000000000000000e0 1.000000000000000e0 0.000000000000000e0
          1.000000000000000e0 0.000000000000000e0 0.000000000000000e0
          0.000000000000000e0 0.000000000000000e0 1.000000000000000e0
          </rotation>
        <fractional_translation>0.000000000000000e0 0.000000000000000e0 0.000000000000000e0</fractional_translation>
        <equivalent_atoms nat="16" size="16">
          2 1 3 4 5 6 8 7
          9 12 11 10 13 15 14 16
          </equivalent_atoms>
      </symmetry>
      <symmetry>
        <info name=" 90 deg rotation - cart. axis [0,0,-1]">lattice_symmetry</info>
        <rotation rank="2" dims="3 3" order="F">
          0.000000000000000e0 -1.000000000000000e0 0.000000000000000e0
          1.000000000000000e0 1.000000000000000e0 1.000000000000000e0
          -1.000000000000000e0 0.000000000000000e0 0.000000000000000e0
          </rotation>
      </symmetry>
      <symmetry>
        <info name=" 90 deg rotation - cart. axis [0,0,1]">lattice_symmetry</info>
        <rotation rank="2" dims="3 3" order="F">
          0.000000000000000e0 0.000000000000000e0 -1.000000000000000e0
          -1.000000000000000e0 0.000000000000000e0 0.000000000000000e0
          1.000000000000000e0 1.000000000000000e0 1.000000000000000e0
          </rotation>
      </symmetry>
      <symmetry>
        <info name="180 deg rotation - cart. axis [1,0,1]">lattice_symmetry</info>
        <rotation rank="2" dims="3 3" order="F">
          -1.000000000000000e0 0.000000000000000e0 0.000000000000000e0
          1.000000000000000e0 1.000000000000000e0 1.000000000000000e0
          0.000000000000000e0 0.000000000000000e0 -1.000000000000000e0
          </rotation>
      </symmetry>
      <symmetry>
        <info name="180 deg rotation - cart. axis [-1,0,1]">lattice_symmetry</info>
        <rotation rank="2" dims="3 3" order="F">
          0.000000000000000e0 0.000000000000000e0 -1.000000000000000e0
          0.000000000000000e0 -1.000000000000000e0 0.000000000000000e0
          -1.000000000000000e0 0.000000000000000e0 0.000000000000000e0
          </rotation>
      </symmetry>
      <symmetry>
        <info name=" 90 deg rotation - cart. axis [0,1,0]">lattice_symmetry</info>
        <rotation rank="2" dims="3 3" order="F">
          1.000000000000000e0 1.000000000000000e0 1.000000000000000e0
          -1.000000000000000e0 0.000000000000000e0 0.000000000000000e0
          0.000000000000000e0 -1.000000000000000e0 0.000000000000000e0
          </rotation>
      </symmetry>
      <symmetry>
        <info name=" 90 deg rotation - cart. axis [0,-1,0]">lattice_symmetry</info>
        <rotation rank="2" dims="3 3" order="F">
          0.000000000000000e0 -1.000000000000000e0 0.000000000000000e0
          0.000000000000000e0 0.000000000000000e0 -1.000000000000000e0
          1.000000000000000e0 1.000000000000000e0 1.000000000000000e0
          </rotation>
      </symmetry>
      <symmetry>
        <info name="180 deg rotation - cart. axis [0,1,1]">lattice_symmetry</info>
        <rotation rank="2" dims="3 3" order="F">
          -1.000000000000000e0 0.000000000000000e0 0.000000000000000e0
          0.000000000000000e0 -1.000000000000000e0 0.000000000000000e0
          1.000000000000000e0 1.000000000000000e0 1.000000000000000e0
          </rotation>
      </symmetry>
      <symmetry>
        <info name="180 deg rotation - cart. axis [0,1,-1]">lattice_symmetry</info>
        <rotation rank="2" dims="3 3" order="F">
          0.000000000000000e0 -1.000000000000000e0 0.000000000000000e0
          -1.000000000000000e0 0.000000000000000e0 0.000000000000000e0
          0.000000000000000e0 0.000000000000000e0 -1.000000000000000e0
          </rotation>
      </symmetry>
      <symmetry>
        <info name=" 90 deg rotation - cart. axis [-1,0,0]">lattice_symmetry</info>
        <rotation rank="2" dims="3 3" order="F">
          1.000000000000000e0 1.000000000000000e0 1.000000000000000e0
          0.000000000000000e0 0.000000000000000e0 -1.000000000000000e0
          -1.000000000000000e0 0.000000000000000e0 0.000000000000000e0
          </rotation>
      </symmetry>
      <symmetry>
        <info name=" 90 deg rotation - cart. axis [1,0,0]">lattice_symmetry</info>
        <rotation rank="2" dims="3 3" order="F">
          0.000000000000000e0 0.000000000000000e0 -1.000000000000000e0
          1.000000000000000e0 1.000000000000000e0 1.000000000000000e0
          0.000000000000000e0 -1.000000000000000e0 0.000000000000000e0
          </rotation>
      </symmetry>
      <symmetry>
        <info name="180 deg rotation - cart. axis [0,0,1]">lattice_symmetry</info>
        <rotation rank="2" dims="3 3" order="F">
          -1.000000000000000e0 -1.000000000000000e0 -1.000000000000000e0
          0.000000000000000e0 0.000000000000000e0 1.000000000000000e0
          0.000000000000000e0 1.000000000000000e0 0.000000000000000e0
          </rotation>
      </symmetry>
      <symmetry>
        <info name="120 deg rotation - cart. axis [-1,1,1]">lattice_symmetry</info>
        <rotation rank="2" dims="3 3" order="F">
          0.000000000000000e0 1.000000000000000e0 0.000000000000000e0
          -1.000000000000000e0 -1.000000000000000e0 -1.000000000000000e0
          0.000000000000000e0 0.000000000000000e0 1.000000000000000e0
          </rotation>
      </symmetry>
      <symmetry>
        <info name="120 deg rotation - cart. axis [1,1,-1]">lattice_symmetry</info>
        <rotation rank="2" dims="3 3" order="F">
          1.000000000000000e0 0.000000000000000e0 0.000000000000000e0
          0.000000000000000e0 0.000000000000000e0 1.000000000000000e0
          -1.000000000000000e0 -1.000000000000000e0 -1.000000000000000e0
          </rotation>
      </symmetry>
      <symmetry>
        <info name="120 deg rotation - cart. axis [1,-1,1]">lattice_symmetry</info>
        <rotation rank="2" dims="3 3" order="F">
          -1.000000000000000e0 -1.000000000000000e0 -1.000000000000000e0
          0.000000000000000e0 1.000000000000000e0 0.000000000000000e0
          1.000000000000000e0 0.000000000000000e0 0.000000000000000e0
          </rotation>
      </symmetry>
      <symmetry>
        <info name="180 deg rotation - cart. axis [0,1,0]">lattice_symmetry</info>
        <rotation rank="2" dims="3 3" order="F">
          0.000000000000000e0 0.000000000000000e0 1.000000000000000e0
          -1.000000000000000e0 -1.000000000000000e0 -1.000000000000000e0
          1.000000000000000e0 0.000000000000000e0 0.000000000000000e0
          </rotation>
      </symmetry>
      <symmetry>
        <info name="120 deg rotation - cart. axis [-1,1,-1]">lattice_symmetry</info>
        <rotation rank="2" dims="3 3" order="F">
          0.000000000000000e0 0.000000000000000e0 1.000000000000000e0
          0.000000000000000e0 1.000000000000000e0 0.000000000000000e0
          -1.000000000000000e0 -1.000000000000000e0 -1.000000000000000e0
          </rotation>
      </symmetry>
      <symmetry>
        <info name="120 deg rotation - cart. axis [1,-1,-1]">lattice_symmetry</info>
        <rotation rank="2" dims="3 3" order="F">
          -1.000000000000000e0 -1.000000000000000e0 -1.000000000000000e0
          1.000000000000000e0 0.000000000000000e0 0.000000000000000e0
          0.000000000000000e0 0.000000000000000e0 1.000000000000000e0
          </rotation>
      </symmetry>
      <symmetry>
        <info name="120 deg rotation - cart. axis [-1,-1,1]">lattice_symmetry</info>
        <rotation rank="2" dims="3 3" order="F">
          1.000000000000000e0 0.000000000000000e0 0.000000000000000e0
          -1.000000000000000e0 -1.000000000000000e0 -1.000000000000000e0
          0.000000000000000e0 1.000000000000000e0 0.000000000000000e0
          </rotation>
      </symmetry>
      <symmetry>
        <info name="inversion">lattice_symmetry</info>
        <rotation rank="2" dims="3 3" order="F">
          -1.000000000000000e0 0.000000000000000e0 0.000000000000000e0
          0.000000000000000e0 -1.000000000000000e0 0.000000000000000e0
          0.000000000000000e0 0.000000000000000e0 -1.000000000000000e0
          </rotation>
      </symmetry>
      <symmetry>
        <info name="inv. 180 deg rotation - cart. axis [0,0,1]">lattice_symmetry</info>
        <rotation rank="2" dims="3 3" order="F">
          1.000000000000000e0 1.000000000000000e0 1.000000000000000e0
          0.000000000000000e0 0.000000000000000e0 -1.000000000000000e0
          0.000000000000000e0 -1.000000000000000e0 0.000000000000000e0
          </rotation>
      </symmetry>
      <symmetry>
        <info name="inv. 180 deg rotation - cart. axis [0,1,0]">lattice_symmetry</info>
        <rotation rank="2" dims="3 3" order="F">
          0.000000000000000e0 0.000000000000000e0 -1.000000000000000e0
          1.000000000000000e0 1.000000000000000e0 1.000000000000000e0
          -1.000000000000000e0 0.000000000000000e0 0.000000000000000e0
          </rotation>
      </symmetry>
      <symmetry>
        <info name="inv. 180 deg rotation - cart. axis [1,0,0]">lattice_symmetry</info>
        <rotation rank="2" dims="3 3" order="F">
          0.000000000000000e0 -1.000000000000000e0 0.000000000000000e0
          -1.000000000000000e0 0.000000000000000e0 0.000000000000000e0
          1.000000000000000e0 1.000000000000000e0 1.000000000000000e0
          </rotation>
      </symmetry>
      <symmetry>
        <info name="inv. 180 deg rotation - cart. axis [1,1,0]">lattice_symmetry</info>
        <rotation rank="2" dims="3 3" order="F">
          -1.000000000000000e0 -1.000000000000000e0 -1.000000000000000e0
          0.000000000000000e0 1.000000000000000e0 0.000000000000000e0
          0.000000000000000e0 0.000000000000000e0 1.000000000000000e0
          </rotation>
      </symmetry>
      <symmetry>
        <info name="180 deg rotation - cart. axis [1,0,0]">lattice_symmetry</info>
        <rotation rank="2" dims="3 3" order="F">
          0.000000000000000e0 1.000000000000000e0 0.000000000000000e0
          1.000000000000000e0 0.000000000000000e0 0.000000000000000e0
          -1.000000000000000e0 -1.000000000000000e0 -1.000000000000000e0
          </rotation>
      </symmetry>
      <symmetry>
        <info name="inv.  90 deg rotation - cart. axis [0,0,-1]">lattice_symmetry</info>
        <rotation rank="2" dims="3 3" order="F">
          0.000000000000000e0 1.000000000000000e0 0.000000000000000e0
          -1.000000000000000e0 -1.000000000000000e0 -1.000000000000000e0
          1.000000000000000e0 0.000000000000000e0 0.000000000000000e0
          </rotation>
      </symmetry>
      <symmetry>
        <info name="inv.  90 deg rotation - cart. axis [0,0,1]">lattice_symmetry</info>
        <rotation rank="2" dims="3 3" order="F">
          0.000000000000000e0 0.000000000000000e0 1.000000000000000e0
          1.000000000000000e0 0.000000000000000e0 0.000000000000000e0
          -1.000000000000000e0 -1.000000000000000e0 -1.000000000000000e0
          </rotation>
      </symmetry>
      <symmetry>
        <info name="inv. 180 deg rotation - cart. axis [1,0,1]">lattice_symmetry</info>
        <rotation rank="2" dims="3 3" order="F">
          1.000000000000000e0 0.000000000000000e0 0.000000000000000e0
          -1.000000000000000e0 -1.000000000000000e0 -1.000000000000000e0
          0.000000000000000e0 0.000000000000000e0 1.000000000000000e0
          </rotation>
      </symmetry>
      <symmetry>
        <info name="180 deg rotation - cart. axis [1,1,0]">lattice_symmetry</info>
        <rotation rank="2" dims="3 3" order="F">
          1.000000000000000e0 1.000000000000000e0 1.000000000000000e0
          0.000000000000000e0 -1.000000000000000e0 0.000000000000000e0
          0.000000000000000e0 0.000000000000000e0 -1.000000000000000e0
          </rotation>
      </symmetry>
      <symmetry>
        <info name="inv.  90 deg rotation - cart. axis [0,1,0]">lattice_symmetry</info>
        <rotation rank="2" dims="3 3" order="F">
          -1.000000000000000e0 -1.000000000000000e0 -1.000000000000000e0
          1.000000000000000e0 0.000000000000000e0 0.000000000000000e0
          0.000000000000000e0 1.000000000000000e0 0.000000000000000e0
          </rotation>
      </symmetry>
      <symmetry>
        <info name="inv.  90 deg rotation - cart. axis [0,-1,0]">lattice_symmetry</info>
        <rotation rank="2" dims="3 3" order="F">
          0.000000000000000e0 1.000000000000000e0 0.000000000000000e0
          0.000000000000000e0 0.000000000000000e0 1.000000000000000e0
          -1.000000000000000e0 -1.000000000000000e0 -1.000000000000000e0
          </rotation>
      </symmetry>
      <symmetry>
        <info name="inv. 180 deg rotation - cart. axis [0,1,1]">lattice_symmetry</info>
        <rotation rank="2" dims="3 3" order="F">
          1.000000000000000e0 0.000000000000000e0 0.000000000000000e0
          0.000000000000000e0 1.000000000000000e0 0.000000000000000e0
          -1.000000000000000e0 -1.000000000000000e0 -1.000000000000000e0
          </rotation>
      </symmetry>
      <symmetry>
        <info name="180 deg rotation - cart. axis [1,-1,0]">lattice_symmetry</info>
        <rotation rank="2" dims="3 3" order="F">
          -1.000000000000000e0 0.000000000000000e0 0.000000000000000e0
          0.000000000000000e0 0.000000000000000e0 -1.000000000000000e0
          0.000000000000000e0 -1.000000000000000e0 0.000000000000000e0
          </rotation>
      </symmetry>
      <symmetry>
        <info name="inv.  90 deg rotation - cart. axis [-1,0,0]">lattice_symmetry</info>
        <rotation rank="2" dims="3 3" order="F">
          -1.000000000000000e0 -1.000000000000000e0 -1.000000000000000e0
          0.000000000000000e0 0.000000000000000e0 1.000000000000000e0
          1.000000000000000e0 0.000000000000000e0 0.000000000000000e0
          </rotation>
      </symmetry>
      <symmetry>
        <info name="inv.  90 deg rotation - cart. axis [1,0,0]">lattice_symmetry</info>
        <rotation rank="2" dims="3 3" order="F">
          0.000000000000000e0 0.000000000000000e0 1.000000000000000e0
          -1.000000000000000e0 -1.000000000000000e0 -1.000000000000000e0
          0.000000000000000e0 1.000000000000000e0 0.000000000000000e0
          </rotation>
      </symmetry>
      <symmetry>
        <info name="inv. 120 deg rotation - cart. axis [-1,-1,-1]">lattice_symmetry</info>
        <rotation rank="2" dims="3 3" order="F">
          0.000000000000000e0 0.000000000000000e0 -1.000000000000000e0
          -1.000000000000000e0 0.000000000000000e0 0.000000000000000e0
          0.000000000000000e0 -1.000000000000000e0 0.000000000000000e0
          </rotation>
      </symmetry>
      <symmetry>
        <info name="inv. 120 deg rotation - cart. axis [-1,1,1]">lattice_symmetry</info>
        <rotation rank="2" dims="3 3" order="F">
          0.000000000000000e0 -1.000000000000000e0 0.000000000000000e0
          1.000000000000000e0 1.000000000000000e0 1.000000000000000e0
          0.000000000000000e0 0.000000000000000e0 -1.000000000000000e0
          </rotation>
      </symmetry>
      <symmetry>
        <info name="inv. 120 deg rotation - cart. axis [1,1,-1]">lattice_symmetry</info>
        <rotation rank="2" dims="3 3" order="F">
          -1.000000000000000e0 0.000000000000000e0 0.000000000000000e0
          0.000000000000000e0 0.000000000000000e0 -1.000000000000000e0
          1.000000000000000e0 1.000000000000000e0 1.000000000000000e0
          </rotation>
      </symmetry>
      <symmetry>
        <info name="inv. 120 deg rotation - cart. axis [1,-1,1]">lattice_symmetry</info>
        <rotation rank="2" dims="3 3" order="F">
          1.000000000000000e0 1.000000000000000e0 1.000000000000000e0
          0.000000000000000e0 -1.000000000000000e0 0.000000000000000e0
          -1.000000000000000e0 0.000000000000000e0 0.000000000000000e0
          </rotation>
      </symmetry>
      <symmetry>
        <info name="inv. 120 deg rotation - cart. axis [1,1,1]">lattice_symmetry</info>
        <rotation rank="2" dims="3 3" order="F">
          0.000000000000000e0 -1.000000000000000e0 0.000000000000000e0
          0.000000000000000e0 0.000000000000000e0 -1.000000000000000e0
          -1.000000000000000e0 0.000000000000000e0 0.000000000000000e0
          </rotation>
      </symmetry>
      <symmetry>
        <info name="inv. 120 deg rotation - cart. axis [-1,1,-1]">lattice_symmetry</info>
        <rotation rank="2" dims="3 3" order="F">
          0.000000000000000e0 0.000000000000000e0 -1.000000000000000e0
          0.000000000000000e0 -1.000000000000000e0 0.000000000000000e0
          1.000000000000000e0 1.000000000000000e0 1.000000000000000e0
          </rotation>
      </symmetry>
      <symmetry>
        <info name="inv. 120 deg rotation - cart. axis [1,-1,-1]">lattice_symmetry</info>
        <rotation rank="2" dims="3 3" order="F">
          1.000000000000000e0 1.000000000000000e0 1.000000000000000e0
          -1.000000000000000e0 0.000000000000000e0 0.000000000000000e0
          0.000000000000000e0 0.000000000000000e0 -1.000000000000000e0
          </rotation>
      </symmetry>
      <symmetry>
        <info name="inv. 120 deg rotation - cart. axis [-1,-1,1]">lattice_symmetry</info>
        <rotation rank="2" dims="3 3" order="F">
          -1.000000000000000e0 0.000000000000000e0 0.000000000000000e0
          1.000000000000000e0 1.000000000000000e0 1.000000000000000e0
          0.000000000000000e0 -1.000000000000000e0 0.000000000000000e0
          </rotation>
      </symmetry>
    </symmetries>
    <basis_set>
      <gamma_only>false</gamma_only>
      <ecutwfc>4.000000000000000e1</ecutwfc>
      <ecutrho>1.600000000000000e2</ecutrho>
      <fft_grid nr1="64" nr2="64" nr3="64"></fft_grid>
      <fft_smooth nr1="64" nr2="64" nr3="64"></fft_smooth>
      <fft_box nr1="64" nr2="64" nr3="64"></fft_box>
      <ngm>95097</ngm>
      <ngms>95097</ngms>
      <npwx>11935</npwx>
      <reciprocal_lattice>
        <b1>5.000000000000000e-1 5.000000000000000e-1 -5.000000000000000e-1</b1>
        <b2>5.000000000000000e-1 -5.000000000000000e-1 5.000000000000000e-1</b2>
        <b3>-5.000000000000000e-1 5.000000000000000e-1 5.000000000000000e-1</b3>
      </reciprocal_lattice>
    </basis_set>
    <dft>
      <functional>PBE</functional>
      <dftU>
        <lda_plus_u_kind>0</lda_plus_u_kind>
        <Hubbard_U specie="Ni1" label="3d">7.349864435130987e-12</Hubbard_U>
        <Hubbard_U specie="Ni2" label="3d">7.349864435130987e-12</Hubbard_U>
        <Hubbard_U specie="O1" label="2p">7.349864435130987e-12</Hubbard_U>
        <Hubbard_U specie="O2" label="2p">7.349864435130987e-12</Hubbard_U>
        <Hubbard_alpha specie="Ni1" label="3d">7.349864435130988e-3</Hubbard_alpha>
        <Hubbard_alpha specie="Ni2" label="3d">0.000000000000000e0</Hubbard_alpha>
        <Hubbard_alpha specie="O1" label="2p">0.000000000000000e0</Hubbard_alpha>
        <Hubbard_alpha specie="O2" label="2p">0.000000000000000e0</Hubbard_alpha>
        <Hubbard_ns specie="Ni1" label="3d" spin="1" index="1" rank="2" dims="5 5" order="F">
          9.825863149050006e-1 -2.883199841039382e-5 -2.883199840967554e-5 4.302286278848070e-16 -5.767854976443493e-5
          -2.883199841039382e-5 9.960895699637872e-1 -3.320147842459398e-6 -4.993959081595870e-5 3.322248239383006e-6
          -2.883199840967554e-5 -3.320147842459398e-6 9.960895699637831e-1 4.993959082162501e-5 3.322248240064493e-6
          4.302286278848070e-16 -4.993959081595870e-5 4.993959082162501e-5 9.825862760253395e-1 -5.172534879060081e-15
          -5.767854976443493e-5 3.322248239383006e-6 3.322248240064493e-6 -5.172534879060081e-15 9.960897215243815e-1
          </Hubbard_ns>
        <Hubbard_ns specie="Ni1" label="3d" spin="2" index="2" rank="2" dims="5 5" order="F">
          3.274663021249251e-1 6.798973041477466e-4 6.798973041486507e-4 1.525404243489215e-16 1.359614252190592e-3
          6.798973041477466e-4 9.921211752656461e-1 5.239620642858970e-5 1.177606284747155e-3 -5.239192313279233e-5
          6.798973041486507e-4 5.239620642858970e-5 9.921211752656422e-1 -1.177606284741549e-3 -5.239192313211023e-5
          1.525404243489215e-16 1.177606284747155e-3 -1.177606284741549e-3 3.274665037652398e-1 -4.254090712912084e-15
          1.359614252190592e-3 -5.239192313279233e-5 -5.239192313211023e-5 -4.254090712912084e-15 9.921207509494405e-1
          </Hubbard_ns>
        <Hubbard_ns specie="Ni1" label="3d" spin="1" index="3" rank="2" dims="5 5" order="F">
          9.825862857452565e-1 -2.883927488622235e-5 -2.883295510278483e-5 1.683538652237970e-8 -5.766495350588717e-5
          -2.883927488622235e-5 9.960897215243856e-1 -3.322248239180193e-6 -4.995108934774539e-5 3.322248239383006e-6
          -2.883295510278483e-5 -3.322248239180193e-6 9.960895699637831e-1 4.993903847460083e-5 3.320147843343700e-6
          1.683538652237970e-8 -4.995108934774539e-5 4.993903847460083e-5 9.825863051850835e-1 5.523418516357212e-10
          -5.766495350588717e-5 3.322248239383006e-6 3.320147843343700e-6 5.523418516357212e-10 9.960895699637829e-1
          </Hubbard_ns>
        <Hubbard_ns specie="Ni1" label="3d" spin="2" index="4" rank="2" dims="5 5" order="F">
          3.274664533551615e-1 6.798071260913714e-4 6.798883061669368e-4 -8.731281760110821e-8 1.359785610321629e-3
          6.798071260913714e-4 9.921207509494446e-1 5.239192313299204e-5 1.177460481746114e-3 -5.239192313279233e-5
          6.798883061669368e-4 5.239192313299204e-5 9.921211752656422e-1 -1.177611479728714e-3 -5.239620642770788e-5
          -8.731281760110821e-8 1.177460481746114e-3 -1.177611479728714e-3 3.274663525350032e-1 5.194982910396321e-9
          1.359785610321629e-3 -5.239192313279233e-5 -5.239620642770788e-5 5.194982910396321e-9 9.921211752656422e-1
          </Hubbard_ns>
        <Hubbard_ns specie="Ni1" label="3d" spin="1" index="5" rank="2" dims="5 5" order="F">
          9.825862857452563e-1 -2.883295510350310e-5 -2.883927488550408e-5 -1.683538566192244e-8 -5.766495350588717e-5
          -2.883295510350310e-5 9.960895699637872e-1 -3.322248239180193e-6 -4.993903846893452e-5 3.320147842662212e-6
          -2.883927488550408e-5 -3.322248239180193e-6 9.960897215243818e-1 4.995108935341170e-5 3.322248240064491e-6
          -1.683538566192244e-8 -4.993903846893452e-5 4.995108935341170e-5 9.825863051850837e-1 -5.523521967131116e-10
          -5.766495350588717e-5 3.320147842662212e-6 3.322248240064491e-6 -5.523521967131116e-10 9.960895699637831e-1
          </Hubbard_ns>
        <Hubbard_ns specie="Ni1" label="3d" spin="2" index="6" rank="2" dims="5 5" order="F">
          3.274664533551615e-1 6.798883061660329e-4 6.798071260922753e-4 8.731281791486266e-8 1.359785610321629e-3
          6.798883061660329e-4 9.921211752656461e-1 5.239192313299204e-5 1.177611479734319e-3 -5.239620642838998e-5
          6.798071260922753e-4 5.239192313299204e-5 9.921207509494407e-1 -1.177460481740509e-3 -5.239192313211022e-5
          8.731281791486266e-8 1.177611479734319e-3 -1.177460481740509e-3 3.274663525350033e-1 -5.194991418604848e-9
          1.359785610321629e-3 -5.239620642838998e-5 -5.239192313211022e-5 -5.194991418604848e-9 9.921211752656419e-1
          </Hubbard_ns>
        <Hubbard_ns specie="Ni1" label="3d" spin="1" index="7" rank="2" dims="5 5" order="F">
          9.825889908407133e-1 -2.883002836470683e-5 -2.883002836398856e-5 4.579842047704268e-16 -5.766005672140393e-5
          -2.883002836470683e-5 9.960898849328810e-1 -3.323302328195069e-6 -4.993507390268725e-5 3.323302328397883e-6
          -2.883002836398856e-5 -3.323302328195069e-6 9.960898849328769e-1 4.993507390835356e-5 3.323302329079371e-6
          4.579842047704268e-16 -4.993507390268725e-5 4.993507390835356e-5 9.825889908407111e-1 -5.172539588036229e-15
          -5.766005672140393e-5 3.323302328397883e-6 3.323302329079371e-6 -5.172539588036229e-15 9.960898849328769e-1
          </Hubbard_ns>
        <Hubbard_ns specie="Ni1" label="3d" spin="2" index="8" rank="2" dims="5 5" order="F">
          3.274797616236311e-1 6.799914968211635e-4 6.799914968220675e-4 1.542751030900835e-16 1.359982993650176e-3
          6.799914968211635e-4 9.921218614096823e-1 5.238725886571470e-5 1.177779821217543e-3 -5.238725886551498e-5
          6.799914968220675e-4 5.238725886571470e-5 9.921218614096784e-1 -1.177779821211937e-3 -5.238725886483289e-5
          1.542751030900835e-16 1.177779821217543e-3 -1.177779821211937e-3 3.274797616236306e-1 -4.254106070777854e-15
          1.359982993650176e-3 -5.238725886551498e-5 -5.238725886483289e-5 -4.254106070777854e-15 9.921218614096782e-1
          </Hubbard_ns>
        <Hubbard_ns specie="Ni2" label="3d" spin="1" index="9" rank="2" dims="5 5" order="F">
          3.318111972715425e-1 6.433141995584870e-4 6.433141995593894e-4 1.646919409232680e-16 1.286628399124823e-3
          6.433141995584870e-4 9.920107152536113e-1 4.466124939226439e-5 1.114252878874279e-3 -4.466124939206459e-5
          6.433141995593894e-4 4.466124939226439e-5 9.920107152536076e-1 -1.114252878868675e-3 -4.466124939138274e-5
          1.646919409232680e-16 1.114252878874279e-3 -1.114252878868675e-3 3.318111972715418e-1 -4.259654931270729e-15
          1.286628399124823e-3 -4.466124939206459e-5 -4.466124939138274e-5 -4.259654931270729e-15 9.920107152536072e-1
          </Hubbard_ns>
        <Hubbard_ns specie="Ni2" label="3d" spin="2" index="10" rank="2" dims="5 5" order="F">
          9.829453283289670e-1 -2.880057867039147e-5 -2.880057866967338e-5 4.441061622991362e-16 -5.760115733277313e-5
          -2.880057867039147e-5 9.960823573044792e-1 -3.470833022363260e-6 -4.988406553586564e-5 3.470833022566070e-6
