<?xml version="1.0" encoding="UTF-8"?>
<qes:espresso xsi:schemaLocation="http://www.quantum-espresso.org/ns/qes/qes-1.0 http://www.quantum-espresso.org/ns/qes/qes_200420.xsd" Units="Hartree atomic units" xmlns:xsi="http://www.w3.org/2001/XMLSchema-instance" xmlns:qes="http://www.quantum-espresso.org/ns/qes/qes-1.0">
  <!--All quantities are in Hartree atomic units unless otherwise specified-->
  <general_info>
    <xml_format NAME="QEXSD" VERSION="20.04.20">QEXSD_20.04.20</xml_format>
    <creator NAME="PWSCF" VERSION="6.6">XML file generated by PWSCF</creator>
    <created DATE=" 7Sep2023" TIME="20:51:20">This run was terminated on:  20:51:20   7 Sep 2023</created>
    <job></job>
  </general_info>
  <parallel_info>
    <nprocs>56</nprocs>
    <nthreads>1</nthreads>
    <ntasks>1</ntasks>
    <nbgrp>1</nbgrp>
    <npool>4</npool>
    <ndiag>14</ndiag>
  </parallel_info>
  <input>
    <control_variables>
      <title></title>
      <calculation>scf</calculation>
      <restart_mode>from_scratch</restart_mode>
      <prefix>nio</prefix>
      <pseudo_dir>./</pseudo_dir>
      <outdir>./</outdir>
      <stress>false</stress>
      <forces>false</forces>
      <wf_collect>true</wf_collect>
      <disk_io>low</disk_io>
      <max_seconds>10000000</max_seconds>
      <nstep>1</nstep>
      <etot_conv_thr>5.000000000000000e-5</etot_conv_thr>
      <forc_conv_thr>5.000000000000000e-4</forc_conv_thr>
      <press_conv_thr>5.000000000000000e-1</press_conv_thr>
      <verbosity>low</verbosity>
      <print_every>100000</print_every>
    </control_variables>
    <atomic_species ntyp="4">
      <species name="Ni1">
        <mass>1.000000000000000e0</mass>
        <pseudo_file>Ni_ONCV_PBE_fr.upf</pseudo_file>
        <starting_magnetization>5.000000000000000e-1</starting_magnetization>
      </species>
      <species name="Ni2">
        <mass>1.000000000000000e0</mass>
        <pseudo_file>Ni_ONCV_PBE_fr.upf</pseudo_file>
        <starting_magnetization>-5.000000000000000e-1</starting_magnetization>
      </species>
      <species name="O1">
        <mass>1.000000000000000e0</mass>
        <pseudo_file>O_ONCV_PBE_fr.upf</pseudo_file>
        <starting_magnetization>0.000000000000000e0</starting_magnetization>
      </species>
      <species name="O2">
        <mass>1.000000000000000e0</mass>
        <pseudo_file>O_ONCV_PBE_fr.upf</pseudo_file>
        <starting_magnetization>0.000000000000000e0</starting_magnetization>
      </species>
    </atomic_species>
    <atomic_structure nat="16" alat="1.117228714275e1">
      <atomic_positions>
        <atom name="Ni1" index="1">0.000000000000000e0 0.000000000000000e0 -3.950000000000000e0</atom>
        <atom name="Ni1" index="2">7.900000000000000e0 3.950000000000000e0 0.000000000000000e0</atom>
        <atom name="Ni1" index="3">3.950000000000000e0 7.900000000000000e0 0.000000000000000e0</atom>
        <atom name="Ni1" index="4">3.950000000000000e0 3.950000000000000e0 3.950000000000000e0</atom>
        <atom name="Ni2" index="5">3.950000000000000e0 3.950000000000000e0 -3.950000000000000e0</atom>
        <atom name="Ni2" index="6">3.950000000000000e0 0.000000000000000e0 0.000000000000000e0</atom>
        <atom name="Ni2" index="7">0.000000000000000e0 3.950000000000000e0 0.000000000000000e0</atom>
        <atom name="Ni2" index="8">7.900000000000000e0 7.900000000000000e0 3.950000000000000e0</atom>
        <atom name="O1" index="9">0.000000000000000e0 0.000000000000000e0 0.000000000000000e0</atom>
        <atom name="O2" index="10">3.950000000000000e0 3.950000000000000e0 0.000000000000000e0</atom>
        <atom name="O2" index="11">0.000000000000000e0 3.950000000000000e0 3.950000000000000e0</atom>
        <atom name="O2" index="12">3.950000000000000e0 0.000000000000000e0 3.950000000000000e0</atom>
        <atom name="O2" index="13">7.900000000000000e0 3.950000000000000e0 3.950000000000000e0</atom>
        <atom name="O2" index="14">3.950000000000000e0 7.900000000000000e0 3.950000000000000e0</atom>
        <atom name="O2" index="15">3.950000000000000e0 3.950000000000000e0 7.900000000000000e0</atom>
        <atom name="O2" index="16">7.900000000000000e0 7.900000000000000e0 7.900000000000000e0</atom>
      </atomic_positions>
      <cell>
        <a1>7.900000000000000e0 7.900000000000000e0 0.000000000000000e0</a1>
        <a2>7.900000000000000e0 0.000000000000000e0 7.900000000000000e0</a2>
        <a3>0.000000000000000e0 7.900000000000000e0 7.900000000000000e0</a3>
      </cell>
    </atomic_structure>
    <dft>
      <functional>PBE</functional>
      <dftU>
        <lda_plus_u_kind>0</lda_plus_u_kind>
        <Hubbard_U specie="Ni1" label="3d">1.000000000000000e-10</Hubbard_U>
        <Hubbard_U specie="Ni2" label="3d">1.000000000000000e-10</Hubbard_U>
        <Hubbard_U specie="O1" label="2p">1.000000000000000e-10</Hubbard_U>
        <Hubbard_U specie="O2" label="2p">1.000000000000000e-10</Hubbard_U>
        <U_projection_type>atomic</U_projection_type>
      </dftU>
    </dft>
    <spin>
      <lsda>true</lsda>
      <noncolin>false</noncolin>
      <spinorbit>false</spinorbit>
    </spin>
    <bands>
      <nbnd>120</nbnd>
      <smearing degauss="5.000000000000e-3">gaussian</smearing>
      <tot_charge>0.000000000000000e0</tot_charge>
      <occupations>smearing</occupations>
    </bands>
    <basis>
      <gamma_only>false</gamma_only>
      <ecutwfc>4.000000000000000e1</ecutwfc>
      <ecutrho>1.600000000000000e2</ecutrho>
    </basis>
    <electron_control>
      <diagonalization>davidson</diagonalization>
      <mixing_mode>plain</mixing_mode>
      <mixing_beta>3.000000000000000e-1</mixing_beta>
      <conv_thr>4.999999999999999e-9</conv_thr>
      <mixing_ndim>8</mixing_ndim>
      <max_nstep>100</max_nstep>
      <real_space_q>false</real_space_q>
      <real_space_beta>false</real_space_beta>
      <tq_smoothing>false</tq_smoothing>
      <tbeta_smoothing>false</tbeta_smoothing>
      <diago_thr_init>0.000000000000000e0</diago_thr_init>
      <diago_full_acc>false</diago_full_acc>
      <diago_cg_maxiter>20</diago_cg_maxiter>
      <diago_ppcg_maxiter>20</diago_ppcg_maxiter>
    </electron_control>
    <k_points_IBZ>
      <monkhorst_pack nk1="2" nk2="2" nk3="2" k1="0" k2="0" k3="0">Monkhorst-Pack</monkhorst_pack>
    </k_points_IBZ>
    <ion_control>
      <ion_dynamics>none</ion_dynamics>
      <upscale>1.000000000000000e2</upscale>
      <remove_rigid_rot>false</remove_rigid_rot>
      <refold_pos>false</refold_pos>
    </ion_control>
    <cell_control>
      <cell_dynamics>none</cell_dynamics>
      <pressure>0.000000000000000e0</pressure>
      <wmass>1.600000000000000e1</wmass>
      <cell_factor>0.000000000000000e0</cell_factor>
      <fix_volume>false</fix_volume>
      <fix_area>false</fix_area>
      <isotropic>false</isotropic>
    </cell_control>
    <symmetry_flags>
      <nosym>false</nosym>
      <nosym_evc>false</nosym_evc>
      <noinv>false</noinv>
      <no_t_rev>false</no_t_rev>
      <force_symmorphic>false</force_symmorphic>
      <use_all_frac>false</use_all_frac>
    </symmetry_flags>
  </input>
  <output>
    <convergence_info>
      <scf_conv>
        <convergence_achieved>true</convergence_achieved>
        <n_scf_steps>1</n_scf_steps>
        <scf_error>1.786513096671231e-9</scf_error>
      </scf_conv>
    </convergence_info>
    <algorithmic_info>
      <real_space_q>false</real_space_q>
      <real_space_beta>false</real_space_beta>
      <uspp>false</uspp>
      <paw>false</paw>
    </algorithmic_info>
    <atomic_species ntyp="4" pseudo_dir="./">
      <species name="Ni1">
        <mass>1.000000000000000e0</mass>
        <pseudo_file>Ni_ONCV_PBE_fr.upf</pseudo_file>
        <starting_magnetization>5.000000000000000e-1</starting_magnetization>
      </species>
      <species name="Ni2">
        <mass>1.000000000000000e0</mass>
        <pseudo_file>Ni_ONCV_PBE_fr.upf</pseudo_file>
        <starting_magnetization>-5.000000000000000e-1</starting_magnetization>
      </species>
      <species name="O1">
        <mass>1.000000000000000e0</mass>
        <pseudo_file>O_ONCV_PBE_fr.upf</pseudo_file>
        <starting_magnetization>0.000000000000000e0</starting_magnetization>
      </species>
      <species name="O2">
        <mass>1.000000000000000e0</mass>
        <pseudo_file>O_ONCV_PBE_fr.upf</pseudo_file>
        <starting_magnetization>0.000000000000000e0</starting_magnetization>
      </species>
    </atomic_species>
    <atomic_structure nat="16" alat="7.900000000000e0">
      <atomic_positions>
        <atom name="Ni1" index="1">0.000000000000000e0 0.000000000000000e0 -3.950000000000000e0</atom>
        <atom name="Ni1" index="2">7.900000000000000e0 3.950000000000000e0 0.000000000000000e0</atom>
        <atom name="Ni1" index="3">3.950000000000000e0 7.900000000000000e0 0.000000000000000e0</atom>
        <atom name="Ni1" index="4">3.950000000000000e0 3.950000000000000e0 3.950000000000000e0</atom>
        <atom name="Ni2" index="5">3.950000000000000e0 3.950000000000000e0 -3.950000000000000e0</atom>
        <atom name="Ni2" index="6">3.950000000000000e0 0.000000000000000e0 0.000000000000000e0</atom>
        <atom name="Ni2" index="7">0.000000000000000e0 3.950000000000000e0 0.000000000000000e0</atom>
        <atom name="Ni2" index="8">7.900000000000000e0 7.900000000000000e0 3.950000000000000e0</atom>
        <atom name="O1" index="9">0.000000000000000e0 0.000000000000000e0 0.000000000000000e0</atom>
        <atom name="O2" index="10">3.950000000000000e0 3.950000000000000e0 0.000000000000000e0</atom>
        <atom name="O2" index="11">0.000000000000000e0 3.950000000000000e0 3.950000000000000e0</atom>
        <atom name="O2" index="12">3.950000000000000e0 0.000000000000000e0 3.950000000000000e0</atom>
        <atom name="O2" index="13">7.900000000000000e0 3.950000000000000e0 3.950000000000000e0</atom>
        <atom name="O2" index="14">3.950000000000000e0 7.900000000000000e0 3.950000000000000e0</atom>
        <atom name="O2" index="15">3.950000000000000e0 3.950000000000000e0 7.900000000000000e0</atom>
        <atom name="O2" index="16">7.900000000000000e0 7.900000000000000e0 7.900000000000000e0</atom>
      </atomic_positions>
      <cell>
        <a1>7.900000000000000e0 7.900000000000000e0 0.000000000000000e0</a1>
        <a2>7.900000000000000e0 0.000000000000000e0 7.900000000000000e0</a2>
        <a3>0.000000000000000e0 7.900000000000000e0 7.900000000000000e0</a3>
      </cell>
    </atomic_structure>
    <symmetries>
      <nsym>6</nsym>
      <nrot>48</nrot>
      <space_group>0</space_group>
      <symmetry>
        <info name="identity">crystal_symmetry</info>
        <rotation rank="2" dims="3 3" order="F">
          1.000000000000000e0 0.000000000000000e0 0.000000000000000e0
          0.000000000000000e0 1.000000000000000e0 0.000000000000000e0
          0.000000000000000e0 0.000000000000000e0 1.000000000000000e0
          </rotation>
        <fractional_translation>0.000000000000000e0 0.000000000000000e0 0.000000000000000e0</fractional_translation>
        <equivalent_atoms nat="16" size="16">
          1 2 3 4 5 6 7 8
          9 10 11 12 13 14 15 16
          </equivalent_atoms>
      </symmetry>
      <symmetry>
        <info name="120 deg rotation - cart. axis [-1,-1,-1]">crystal_symmetry</info>
        <rotation rank="2" dims="3 3" order="F">
          0.000000000000000e0 0.000000000000000e0 1.000000000000000e0
          1.000000000000000e0 0.000000000000000e0 0.000000000000000e0
          0.000000000000000e0 1.000000000000000e0 0.000000000000000e0
          </rotation>
        <fractional_translation>0.000000000000000e0 0.000000000000000e0 0.000000000000000e0</fractional_translation>
        <equivalent_atoms nat="16" size="16">
          2 3 1 4 5 8 6 7
          9 12 10 11 15 13 14 16
          </equivalent_atoms>
      </symmetry>
      <symmetry>
        <info name="120 deg rotation - cart. axis [1,1,1]">crystal_symmetry</info>
        <rotation rank="2" dims="3 3" order="F">
          0.000000000000000e0 1.000000000000000e0 0.000000000000000e0
          0.000000000000000e0 0.000000000000000e0 1.000000000000000e0
          1.000000000000000e0 0.000000000000000e0 0.000000000000000e0
          </rotation>
        <fractional_translation>0.000000000000000e0 0.000000000000000e0 0.000000000000000e0</fractional_translation>
        <equivalent_atoms nat="16" size="16">
          3 1 2 4 5 7 8 6
          9 11 12 10 14 15 13 16
          </equivalent_atoms>
      </symmetry>
      <symmetry>
        <info name="inv. 180 deg rotation - cart. axis [1,-1,0]">crystal_symmetry</info>
        <rotation rank="2" dims="3 3" order="F">
          1.000000000000000e0 0.000000000000000e0 0.000000000000000e0
          0.000000000000000e0 0.000000000000000e0 1.000000000000000e0
          0.000000000000000e0 1.000000000000000e0 0.000000000000000e0
          </rotation>
        <fractional_translation>0.000000000000000e0 0.000000000000000e0 0.000000000000000e0</fractional_translation>
        <equivalent_atoms nat="16" size="16">
          1 3 2 4 5 7 6 8
          9 10 12 11 14 13 15 16
          </equivalent_atoms>
      </symmetry>
      <symmetry>
        <info name="inv. 180 deg rotation - cart. axis [-1,0,1]">crystal_symmetry</info>
        <rotation rank="2" dims="3 3" order="F">
          0.000000000000000e0 0.000000000000000e0 1.000000000000000e0
          0.000000000000000e0 1.000000000000000e0 0.000000000000000e0
          1.000000000000000e0 0.000000000000000e0 0.000000000000000e0
          </rotation>
        <fractional_translation>0.000000000000000e0 0.000000000000000e0 0.000000000000000e0</fractional_translation>
        <equivalent_atoms nat="16" size="16">
          3 2 1 4 5 8 7 6
          9 11 10 12 15 14 13 16
          </equivalent_atoms>
      </symmetry>
      <symmetry>
        <info name="inv. 180 deg rotation - cart. axis [0,1,-1]">crystal_symmetry</info>
        <rotation rank="2" dims="3 3" order="F">
          0.000000000000000e0 1.000000000000000e0 0.000000000000000e0
          1.000000000000000e0 0.000000000000000e0 0.000000000000000e0
          0.000000000000000e0 0.000000000000000e0 1.000000000000000e0
          </rotation>
        <fractional_translation>0.000000000000000e0 0.000000000000000e0 0.000000000000000e0</fractional_translation>
        <equivalent_atoms nat="16" size="16">
          2 1 3 4 5 6 8 7
          9 12 11 10 13 15 14 16
          </equivalent_atoms>
      </symmetry>
      <symmetry>
        <info name=" 90 deg rotation - cart. axis [0,0,-1]">lattice_symmetry</info>
        <rotation rank="2" dims="3 3" order="F">
          0.000000000000000e0 -1.000000000000000e0 0.000000000000000e0
          1.000000000000000e0 1.000000000000000e0 1.000000000000000e0
          -1.000000000000000e0 0.000000000000000e0 0.000000000000000e0
          </rotation>
      </symmetry>
      <symmetry>
        <info name=" 90 deg rotation - cart. axis [0,0,1]">lattice_symmetry</info>
        <rotation rank="2" dims="3 3" order="F">
          0.000000000000000e0 0.000000000000000e0 -1.000000000000000e0
          -1.000000000000000e0 0.000000000000000e0 0.000000000000000e0
          1.000000000000000e0 1.000000000000000e0 1.000000000000000e0
          </rotation>
      </symmetry>
      <symmetry>
        <info name="180 deg rotation - cart. axis [1,0,1]">lattice_symmetry</info>
        <rotation rank="2" dims="3 3" order="F">
          -1.000000000000000e0 0.000000000000000e0 0.000000000000000e0
          1.000000000000000e0 1.000000000000000e0 1.000000000000000e0
          0.000000000000000e0 0.000000000000000e0 -1.000000000000000e0
          </rotation>
      </symmetry>
      <symmetry>
        <info name="180 deg rotation - cart. axis [-1,0,1]">lattice_symmetry</info>
        <rotation rank="2" dims="3 3" order="F">
          0.000000000000000e0 0.000000000000000e0 -1.000000000000000e0
          0.000000000000000e0 -1.000000000000000e0 0.000000000000000e0
          -1.000000000000000e0 0.000000000000000e0 0.000000000000000e0
          </rotation>
      </symmetry>
      <symmetry>
        <info name=" 90 deg rotation - cart. axis [0,1,0]">lattice_symmetry</info>
        <rotation rank="2" dims="3 3" order="F">
          1.000000000000000e0 1.000000000000000e0 1.000000000000000e0
          -1.000000000000000e0 0.000000000000000e0 0.000000000000000e0
          0.000000000000000e0 -1.000000000000000e0 0.000000000000000e0
          </rotation>
      </symmetry>
      <symmetry>
        <info name=" 90 deg rotation - cart. axis [0,-1,0]">lattice_symmetry</info>
        <rotation rank="2" dims="3 3" order="F">
          0.000000000000000e0 -1.000000000000000e0 0.000000000000000e0
          0.000000000000000e0 0.000000000000000e0 -1.000000000000000e0
          1.000000000000000e0 1.000000000000000e0 1.000000000000000e0
          </rotation>
      </symmetry>
      <symmetry>
        <info name="180 deg rotation - cart. axis [0,1,1]">lattice_symmetry</info>
        <rotation rank="2" dims="3 3" order="F">
          -1.000000000000000e0 0.000000000000000e0 0.000000000000000e0
          0.000000000000000e0 -1.000000000000000e0 0.000000000000000e0
          1.000000000000000e0 1.000000000000000e0 1.000000000000000e0
          </rotation>
      </symmetry>
      <symmetry>
        <info name="180 deg rotation - cart. axis [0,1,-1]">lattice_symmetry</info>
        <rotation rank="2" dims="3 3" order="F">
          0.000000000000000e0 -1.000000000000000e0 0.000000000000000e0
          -1.000000000000000e0 0.000000000000000e0 0.000000000000000e0
          0.000000000000000e0 0.000000000000000e0 -1.000000000000000e0
          </rotation>
      </symmetry>
      <symmetry>
        <info name=" 90 deg rotation - cart. axis [-1,0,0]">lattice_symmetry</info>
        <rotation rank="2" dims="3 3" order="F">
          1.000000000000000e0 1.000000000000000e0 1.000000000000000e0
          0.000000000000000e0 0.000000000000000e0 -1.000000000000000e0
          -1.000000000000000e0 0.000000000000000e0 0.000000000000000e0
          </rotation>
      </symmetry>
      <symmetry>
        <info name=" 90 deg rotation - cart. axis [1,0,0]">lattice_symmetry</info>
        <rotation rank="2" dims="3 3" order="F">
          0.000000000000000e0 0.000000000000000e0 -1.000000000000000e0
          1.000000000000000e0 1.000000000000000e0 1.000000000000000e0
          0.000000000000000e0 -1.000000000000000e0 0.000000000000000e0
          </rotation>
      </symmetry>
      <symmetry>
        <info name="180 deg rotation - cart. axis [0,0,1]">lattice_symmetry</info>
        <rotation rank="2" dims="3 3" order="F">
          -1.000000000000000e0 -1.000000000000000e0 -1.000000000000000e0
          0.000000000000000e0 0.000000000000000e0 1.000000000000000e0
          0.000000000000000e0 1.000000000000000e0 0.000000000000000e0
          </rotation>
      </symmetry>
      <symmetry>
        <info name="120 deg rotation - cart. axis [-1,1,1]">lattice_symmetry</info>
        <rotation rank="2" dims="3 3" order="F">
          0.000000000000000e0 1.000000000000000e0 0.000000000000000e0
          -1.000000000000000e0 -1.000000000000000e0 -1.000000000000000e0
          0.000000000000000e0 0.000000000000000e0 1.000000000000000e0
          </rotation>
      </symmetry>
      <symmetry>
        <info name="120 deg rotation - cart. axis [1,1,-1]">lattice_symmetry</info>
        <rotation rank="2" dims="3 3" order="F">
          1.000000000000000e0 0.000000000000000e0 0.000000000000000e0
          0.000000000000000e0 0.000000000000000e0 1.000000000000000e0
          -1.000000000000000e0 -1.000000000000000e0 -1.000000000000000e0
          </rotation>
      </symmetry>
      <symmetry>
        <info name="120 deg rotation - cart. axis [1,-1,1]">lattice_symmetry</info>
        <rotation rank="2" dims="3 3" order="F">
          -1.000000000000000e0 -1.000000000000000e0 -1.000000000000000e0
          0.000000000000000e0 1.000000000000000e0 0.000000000000000e0
          1.000000000000000e0 0.000000000000000e0 0.000000000000000e0
          </rotation>
      </symmetry>
      <symmetry>
        <info name="180 deg rotation - cart. axis [0,1,0]">lattice_symmetry</info>
        <rotation rank="2" dims="3 3" order="F">
          0.000000000000000e0 0.000000000000000e0 1.000000000000000e0
          -1.000000000000000e0 -1.000000000000000e0 -1.000000000000000e0
          1.000000000000000e0 0.000000000000000e0 0.000000000000000e0
          </rotation>
      </symmetry>
      <symmetry>
        <info name="120 deg rotation - cart. axis [-1,1,-1]">lattice_symmetry</info>
        <rotation rank="2" dims="3 3" order="F">
          0.000000000000000e0 0.000000000000000e0 1.000000000000000e0
          0.000000000000000e0 1.000000000000000e0 0.000000000000000e0
          -1.000000000000000e0 -1.000000000000000e0 -1.000000000000000e0
          </rotation>
      </symmetry>
      <symmetry>
        <info name="120 deg rotation - cart. axis [1,-1,-1]">lattice_symmetry</info>
        <rotation rank="2" dims="3 3" order="F">
          -1.000000000000000e0 -1.000000000000000e0 -1.000000000000000e0
          1.000000000000000e0 0.000000000000000e0 0.000000000000000e0
          0.000000000000000e0 0.000000000000000e0 1.000000000000000e0
          </rotation>
      </symmetry>
      <symmetry>
        <info name="120 deg rotation - cart. axis [-1,-1,1]">lattice_symmetry</info>
        <rotation rank="2" dims="3 3" order="F">
          1.000000000000000e0 0.000000000000000e0 0.000000000000000e0
          -1.000000000000000e0 -1.000000000000000e0 -1.000000000000000e0
          0.000000000000000e0 1.000000000000000e0 0.000000000000000e0
          </rotation>
      </symmetry>
      <symmetry>
        <info name="inversion">lattice_symmetry</info>
        <rotation rank="2" dims="3 3" order="F">
          -1.000000000000000e0 0.000000000000000e0 0.000000000000000e0
          0.000000000000000e0 -1.000000000000000e0 0.000000000000000e0
          0.000000000000000e0 0.000000000000000e0 -1.000000000000000e0
          </rotation>
      </symmetry>
      <symmetry>
        <info name="inv. 180 deg rotation - cart. axis [0,0,1]">lattice_symmetry</info>
        <rotation rank="2" dims="3 3" order="F">
          1.000000000000000e0 1.000000000000000e0 1.000000000000000e0
          0.000000000000000e0 0.000000000000000e0 -1.000000000000000e0
          0.000000000000000e0 -1.000000000000000e0 0.000000000000000e0
          </rotation>
      </symmetry>
      <symmetry>
        <info name="inv. 180 deg rotation - cart. axis [0,1,0]">lattice_symmetry</info>
        <rotation rank="2" dims="3 3" order="F">
          0.000000000000000e0 0.000000000000000e0 -1.000000000000000e0
          1.000000000000000e0 1.000000000000000e0 1.000000000000000e0
          -1.000000000000000e0 0.000000000000000e0 0.000000000000000e0
          </rotation>
      </symmetry>
      <symmetry>
        <info name="inv. 180 deg rotation - cart. axis [1,0,0]">lattice_symmetry</info>
        <rotation rank="2" dims="3 3" order="F">
          0.000000000000000e0 -1.000000000000000e0 0.000000000000000e0
          -1.000000000000000e0 0.000000000000000e0 0.000000000000000e0
          1.000000000000000e0 1.000000000000000e0 1.000000000000000e0
          </rotation>
      </symmetry>
      <symmetry>
        <info name="inv. 180 deg rotation - cart. axis [1,1,0]">lattice_symmetry</info>
        <rotation rank="2" dims="3 3" order="F">
          -1.000000000000000e0 -1.000000000000000e0 -1.000000000000000e0
          0.000000000000000e0 1.000000000000000e0 0.000000000000000e0
          0.000000000000000e0 0.000000000000000e0 1.000000000000000e0
          </rotation>
      </symmetry>
      <symmetry>
        <info name="180 deg rotation - cart. axis [1,0,0]">lattice_symmetry</info>
        <rotation rank="2" dims="3 3" order="F">
          0.000000000000000e0 1.000000000000000e0 0.000000000000000e0
          1.000000000000000e0 0.000000000000000e0 0.000000000000000e0
          -1.000000000000000e0 -1.000000000000000e0 -1.000000000000000e0
          </rotation>
      </symmetry>
      <symmetry>
        <info name="inv.  90 deg rotation - cart. axis [0,0,-1]">lattice_symmetry</info>
        <rotation rank="2" dims="3 3" order="F">
          0.000000000000000e0 1.000000000000000e0 0.000000000000000e0
          -1.000000000000000e0 -1.000000000000000e0 -1.000000000000000e0
          1.000000000000000e0 0.000000000000000e0 0.000000000000000e0
          </rotation>
      </symmetry>
      <symmetry>
        <info name="inv.  90 deg rotation - cart. axis [0,0,1]">lattice_symmetry</info>
        <rotation rank="2" dims="3 3" order="F">
          0.000000000000000e0 0.000000000000000e0 1.000000000000000e0
          1.000000000000000e0 0.000000000000000e0 0.000000000000000e0
          -1.000000000000000e0 -1.000000000000000e0 -1.000000000000000e0
          </rotation>
      </symmetry>
      <symmetry>
        <info name="inv. 180 deg rotation - cart. axis [1,0,1]">lattice_symmetry</info>
        <rotation rank="2" dims="3 3" order="F">
          1.000000000000000e0 0.000000000000000e0 0.000000000000000e0
          -1.000000000000000e0 -1.000000000000000e0 -1.000000000000000e0
          0.000000000000000e0 0.000000000000000e0 1.000000000000000e0
          </rotation>
      </symmetry>
      <symmetry>
        <info name="180 deg rotation - cart. axis [1,1,0]">lattice_symmetry</info>
        <rotation rank="2" dims="3 3" order="F">
          1.000000000000000e0 1.000000000000000e0 1.000000000000000e0
          0.000000000000000e0 -1.000000000000000e0 0.000000000000000e0
          0.000000000000000e0 0.000000000000000e0 -1.000000000000000e0
          </rotation>
      </symmetry>
      <symmetry>
        <info name="inv.  90 deg rotation - cart. axis [0,1,0]">lattice_symmetry</info>
        <rotation rank="2" dims="3 3" order="F">
          -1.000000000000000e0 -1.000000000000000e0 -1.000000000000000e0
          1.000000000000000e0 0.000000000000000e0 0.000000000000000e0
          0.000000000000000e0 1.000000000000000e0 0.000000000000000e0
          </rotation>
      </symmetry>
      <symmetry>
        <info name="inv.  90 deg rotation - cart. axis [0,-1,0]">lattice_symmetry</info>
        <rotation rank="2" dims="3 3" order="F">
          0.000000000000000e0 1.000000000000000e0 0.000000000000000e0
          0.000000000000000e0 0.000000000000000e0 1.000000000000000e0
          -1.000000000000000e0 -1.000000000000000e0 -1.000000000000000e0
          </rotation>
      </symmetry>
      <symmetry>
        <info name="inv. 180 deg rotation - cart. axis [0,1,1]">lattice_symmetry</info>
        <rotation rank="2" dims="3 3" order="F">
          1.000000000000000e0 0.000000000000000e0 0.000000000000000e0
          0.000000000000000e0 1.000000000000000e0 0.000000000000000e0
          -1.000000000000000e0 -1.000000000000000e0 -1.000000000000000e0
          </rotation>
      </symmetry>
      <symmetry>
        <info name="180 deg rotation - cart. axis [1,-1,0]">lattice_symmetry</info>
        <rotation rank="2" dims="3 3" order="F">
          -1.000000000000000e0 0.000000000000000e0 0.000000000000000e0
          0.000000000000000e0 0.000000000000000e0 -1.000000000000000e0
          0.000000000000000e0 -1.000000000000000e0 0.000000000000000e0
          </rotation>
      </symmetry>
      <symmetry>
        <info name="inv.  90 deg rotation - cart. axis [-1,0,0]">lattice_symmetry</info>
        <rotation rank="2" dims="3 3" order="F">
          -1.000000000000000e0 -1.000000000000000e0 -1.000000000000000e0
          0.000000000000000e0 0.000000000000000e0 1.000000000000000e0
          1.000000000000000e0 0.000000000000000e0 0.000000000000000e0
          </rotation>
      </symmetry>
      <symmetry>
        <info name="inv.  90 deg rotation - cart. axis [1,0,0]">lattice_symmetry</info>
        <rotation rank="2" dims="3 3" order="F">
          0.000000000000000e0 0.000000000000000e0 1.000000000000000e0
          -1.000000000000000e0 -1.000000000000000e0 -1.000000000000000e0
          0.000000000000000e0 1.000000000000000e0 0.000000000000000e0
          </rotation>
      </symmetry>
      <symmetry>
        <info name="inv. 120 deg rotation - cart. axis [-1,-1,-1]">lattice_symmetry</info>
        <rotation rank="2" dims="3 3" order="F">
          0.000000000000000e0 0.000000000000000e0 -1.000000000000000e0
          -1.000000000000000e0 0.000000000000000e0 0.000000000000000e0
          0.000000000000000e0 -1.000000000000000e0 0.000000000000000e0
          </rotation>
      </symmetry>
      <symmetry>
        <info name="inv. 120 deg rotation - cart. axis [-1,1,1]">lattice_symmetry</info>
        <rotation rank="2" dims="3 3" order="F">
          0.000000000000000e0 -1.000000000000000e0 0.000000000000000e0
          1.000000000000000e0 1.000000000000000e0 1.000000000000000e0
          0.000000000000000e0 0.000000000000000e0 -1.000000000000000e0
          </rotation>
      </symmetry>
      <symmetry>
        <info name="inv. 120 deg rotation - cart. axis [1,1,-1]">lattice_symmetry</info>
        <rotation rank="2" dims="3 3" order="F">
          -1.000000000000000e0 0.000000000000000e0 0.000000000000000e0
          0.000000000000000e0 0.000000000000000e0 -1.000000000000000e0
          1.000000000000000e0 1.000000000000000e0 1.000000000000000e0
          </rotation>
      </symmetry>
      <symmetry>
        <info name="inv. 120 deg rotation - cart. axis [1,-1,1]">lattice_symmetry</info>
        <rotation rank="2" dims="3 3" order="F">
          1.000000000000000e0 1.000000000000000e0 1.000000000000000e0
          0.000000000000000e0 -1.000000000000000e0 0.000000000000000e0
          -1.000000000000000e0 0.000000000000000e0 0.000000000000000e0
          </rotation>
      </symmetry>
      <symmetry>
        <info name="inv. 120 deg rotation - cart. axis [1,1,1]">lattice_symmetry</info>
        <rotation rank="2" dims="3 3" order="F">
          0.000000000000000e0 -1.000000000000000e0 0.000000000000000e0
          0.000000000000000e0 0.000000000000000e0 -1.000000000000000e0
          -1.000000000000000e0 0.000000000000000e0 0.000000000000000e0
          </rotation>
      </symmetry>
      <symmetry>
        <info name="inv. 120 deg rotation - cart. axis [-1,1,-1]">lattice_symmetry</info>
        <rotation rank="2" dims="3 3" order="F">
          0.000000000000000e0 0.000000000000000e0 -1.000000000000000e0
          0.000000000000000e0 -1.000000000000000e0 0.000000000000000e0
          1.000000000000000e0 1.000000000000000e0 1.000000000000000e0
          </rotation>
      </symmetry>
      <symmetry>
        <info name="inv. 120 deg rotation - cart. axis [1,-1,-1]">lattice_symmetry</info>
        <rotation rank="2" dims="3 3" order="F">
          1.000000000000000e0 1.000000000000000e0 1.000000000000000e0
          -1.000000000000000e0 0.000000000000000e0 0.000000000000000e0
          0.000000000000000e0 0.000000000000000e0 -1.000000000000000e0
          </rotation>
      </symmetry>
      <symmetry>
        <info name="inv. 120 deg rotation - cart. axis [-1,-1,1]">lattice_symmetry</info>
        <rotation rank="2" dims="3 3" order="F">
          -1.000000000000000e0 0.000000000000000e0 0.000000000000000e0
          1.000000000000000e0 1.000000000000000e0 1.000000000000000e0
          0.000000000000000e0 -1.000000000000000e0 0.000000000000000e0
          </rotation>
      </symmetry>
    </symmetries>
    <basis_set>
      <gamma_only>false</gamma_only>
      <ecutwfc>4.000000000000000e1</ecutwfc>
      <ecutrho>1.600000000000000e2</ecutrho>
      <fft_grid nr1="64" nr2="64" nr3="64"></fft_grid>
      <fft_smooth nr1="64" nr2="64" nr3="64"></fft_smooth>
      <fft_box nr1="64" nr2="64" nr3="64"></fft_box>
      <ngm>95097</ngm>
      <ngms>95097</ngms>
      <npwx>11935</npwx>
      <reciprocal_lattice>
        <b1>5.000000000000000e-1 5.000000000000000e-1 -5.000000000000000e-1</b1>
        <b2>5.000000000000000e-1 -5.000000000000000e-1 5.000000000000000e-1</b2>
        <b3>-5.000000000000000e-1 5.000000000000000e-1 5.000000000000000e-1</b3>
      </reciprocal_lattice>
    </basis_set>
    <dft>
      <functional>PBE</functional>
      <dftU>
        <lda_plus_u_kind>0</lda_plus_u_kind>
        <Hubbard_U specie="Ni1" label="3d">7.349864435130987e-12</Hubbard_U>
        <Hubbard_U specie="Ni2" label="3d">7.349864435130987e-12</Hubbard_U>
        <Hubbard_U specie="O1" label="2p">7.349864435130987e-12</Hubbard_U>
        <Hubbard_U specie="O2" label="2p">7.349864435130987e-12</Hubbard_U>
        <Hubbard_ns specie="Ni1" label="3d" spin="1" index="1" rank="2" dims="5 5" order="F">
          9.825754312520397e-1 -2.911564975141307e-5 -2.911564975069482e-5 4.371676962626023e-16 -5.823247725939217e-5
          -2.911564975141307e-5 9.960542846960591e-1 -4.271712960828446e-6 -5.042828018117589e-5 4.273118508956251e-6
          -2.911564975069482e-5 -4.271712960828446e-6 9.960542846960553e-1 5.042828018684203e-5 4.273118509637706e-6
          4.371676962626023e-16 -5.042828018117589e-5 5.042828018684203e-5 9.825754292447046e-1 -5.172381866542358e-15
          -5.823247725939217e-5 4.273118508956251e-6 4.273118509637706e-6 -5.172381866542358e-15 9.960542846851988e-1
          </Hubbard_ns>
        <Hubbard_ns specie="Ni1" label="3d" spin="2" index="2" rank="2" dims="5 5" order="F">
          3.322072742553112e-1 6.575013777958176e-4 6.575013777967198e-4 1.629566538523387e-16 1.314830653973588e-3
          6.575013777958176e-4 9.920300229466282e-1 4.677241041052692e-5 1.138738408979875e-3 -4.677153291159214e-5
          6.575013777967198e-4 4.677241041052692e-5 9.920300229466243e-1 -1.138738408974270e-3 -4.677153291091020e-5
          1.629566538523387e-16 1.138738408979875e-3 -1.138738408974270e-3 3.322073380818104e-1 -4.260205999979713e-15
          1.314830653973588e-3 -4.677153291159214e-5 -4.677153291091020e-5 -4.260205999979713e-15 9.920299224563717e-1
          </Hubbard_ns>
        <Hubbard_ns specie="Ni1" label="3d" spin="1" index="3" rank="2" dims="5 5" order="F">
          9.825754297465398e-1 -2.911623863370081e-5 -2.911434683711238e-5 8.692012179630295e-10 -5.822999658123421e-5
          -2.911623863370081e-5 9.960542846852027e-1 -4.273118508753444e-6 -5.043080463023309e-5 4.273118508956252e-6
          -2.911434683711238e-5 -4.273118508753444e-6 9.960542846960552e-1 5.042903242434960e-5 4.271712961712712e-6
          8.692012179630295e-10 -5.043080463023309e-5 5.042903242434960e-5 9.825754307502045e-1 -7.522426799497550e-10
          -5.822999658123421e-5 4.273118508956252e-6 4.271712961712712e-6 -7.522426799497550e-10 9.960542846960550e-1
          </Hubbard_ns>
        <Hubbard_ns specie="Ni1" label="3d" spin="2" index="4" rank="2" dims="5 5" order="F">
          3.322073221251859e-1 6.574153269828699e-4 6.574257015372983e-4 -2.763768500006396e-8 1.314927079340062e-3
          6.574153269828699e-4 9.920299224563758e-1 4.677153291179192e-5 1.138676748017314e-3 -4.677153291159214e-5
          6.574257015372983e-4 4.677153291179192e-5 9.920300229466243e-1 -1.138782100683018e-3 -4.677241040964521e-5
          -2.763768500006396e-8 1.138676748017314e-3 -1.138782100683018e-3 3.322072902119355e-1 4.369170448806976e-8
          1.314927079340062e-3 -4.677153291159214e-5 -4.677241040964521e-5 4.369170448806976e-8 9.920300229466241e-1
          </Hubbard_ns>
        <Hubbard_ns specie="Ni1" label="3d" spin="1" index="5" rank="2" dims="5 5" order="F">
          9.825754297465400e-1 -2.911434683783060e-5 -2.911623863298257e-5 -8.692003783221020e-10 -5.822999658123421e-5
          -2.911434683783060e-5 9.960542846960591e-1 -4.273118508753443e-6 -5.042903241868345e-5 4.271712961031256e-6
          -2.911623863298257e-5 -4.273118508753443e-6 9.960542846851988e-1 5.043080463589920e-5 4.273118509637705e-6
          -8.692003783221020e-10 -5.042903241868345e-5 5.043080463589920e-5 9.825754307502043e-1 7.522323351809388e-10
          -5.822999658123421e-5 4.271712961031256e-6 4.273118509637705e-6 7.522323351809388e-10 9.960542846960550e-1
          </Hubbard_ns>
        <Hubbard_ns specie="Ni1" label="3d" spin="2" index="6" rank="2" dims="5 5" order="F">
          3.322073221251860e-1 6.574257015363960e-4 6.574153269837719e-4 2.763768532077294e-8 1.314927079340062e-3
          6.574257015363960e-4 9.920300229466282e-1 4.677153291179192e-5 1.138782100688623e-3 -4.677241041032715e-5
          6.574153269837719e-4 4.677153291179192e-5 9.920299224563717e-1 -1.138676748011708e-3 -4.677153291091020e-5
          2.763768532077294e-8 1.138782100688623e-3 -1.138676748011708e-3 3.322072902119353e-1 -4.369171300853595e-8
          1.314927079340062e-3 -4.677241041032715e-5 -4.677153291091020e-5 -4.369171300853595e-8 9.920300229466241e-1
          </Hubbard_ns>
        <Hubbard_ns specie="Ni1" label="3d" spin="1" index="7" rank="2" dims="5 5" order="F">
          9.825757730230773e-1 -2.911456266773026e-5 -2.911456266701203e-5 4.094121220414541e-16 -5.822912532745107e-5
          -2.911456266773026e-5 9.960543603051798e-1 -4.273289000785602e-6 -5.042790177202034e-5 4.273289000988408e-6
          -2.911456266701203e-5 -4.273289000785602e-6 9.960543603051757e-1 5.042790177768648e-5 4.273289001669860e-6
          4.094121220414541e-16 -5.042790177202034e-5 5.042790177768648e-5 9.825757730230752e-1 -5.172381923836827e-15
          -5.822912532745107e-5 4.273289000988408e-6 4.273289001669860e-6 -5.172381923836827e-15 9.960543603051756e-1
          </Hubbard_ns>
        <Hubbard_ns specie="Ni1" label="3d" spin="2" index="8" rank="2" dims="5 5" order="F">
          3.322099120395120e-1 6.574762998122775e-4 6.574762998131798e-4 1.612218737893856e-16 1.314952599632404e-3
          6.574762998122775e-4 9.920301872853114e-1 4.677018724139911e-5 1.138782356055729e-3 -4.677018724119934e-5
          6.574762998131798e-4 4.677018724139911e-5 9.920301872853074e-1 -1.138782356050124e-3 -4.677018724051740e-5
          1.612218737893856e-16 1.138782356055729e-3 -1.138782356050124e-3 3.322099120395114e-1 -4.260246989377166e-15
          1.314952599632404e-3 -4.677018724119934e-5 -4.677018724051740e-5 -4.260246989377166e-15 9.920301872853074e-1
          </Hubbard_ns>
        <Hubbard_ns specie="Ni2" label="3d" spin="1" index="9" rank="2" dims="5 5" order="F">
          3.322023269048228e-1 6.574851592838598e-4 6.574851592847622e-4 1.542829654058782e-16 1.314970318575569e-3
          6.574851592838598e-4 9.920299368098869e-1 4.677336253531715e-5 1.138797701110638e-3 -4.677336253511737e-5
          6.574851592847622e-4 4.677336253531715e-5 9.920299368098831e-1 -1.138797701105033e-3 -4.677336253443545e-5
          1.542829654058782e-16 1.138797701110638e-3 -1.138797701105033e-3 3.322023269048222e-1 -4.260232353327853e-15
          1.314970318575569e-3 -4.677336253511737e-5 -4.677336253443545e-5 -4.260232353327853e-15 9.920299368098830e-1
          </Hubbard_ns>
        <Hubbard_ns specie="Ni2" label="3d" spin="2" index="10" rank="2" dims="5 5" order="F">
          9.825742367087493e-1 -2.911296957342472e-5 -2.911296957270648e-5 4.441065927924220e-16 -5.822593913883995e-5
          -2.911296957342472e-5 9.960541194441628e-1 -4.274103146830157e-6 -5.042514245174189e-5 4.274103147032960e-6
          -2.911296957270648e-5 -4.274103146830157e-6 9.960541194441589e-1 5.042514245740799e-5 4.274103147714415e-6
          4.441065927924220e-16 -5.042514245174189e-5 5.042514245740799e-5 9.825742367087472e-1 -5.172380823291046e-15
          -5.822593913883995e-5 4.274103147032960e-6 4.274103147714415e-6 -5.172380823291046e-15 9.960541194441587e-1
          </Hubbard_ns>
        <Hubbard_ns specie="Ni2" label="3d" spin="1" index="11" rank="2" dims="5 5" order="F">
          3.322030300197669e-1 6.574609984223626e-4 6.574931811616525e-4 5.978082142818131e-10 1.314960754083529e-3
          6.574609984223626e-4 9.920299386517124e-1 4.677346267720106e-5 1.138800606266420e-3 -4.677296153135826e-5
