<?xml version="1.0" encoding="UTF-8"?>
<qes:espresso xsi:schemaLocation="http://www.quantum-espresso.org/ns/qes/qes-1.0 http://www.quantum-espresso.org/ns/qes/qes_200420.xsd" Units="Hartree atomic units" xmlns:xsi="http://www.w3.org/2001/XMLSchema-instance" xmlns:qes="http://www.quantum-espresso.org/ns/qes/qes-1.0">
  <!--All quantities are in Hartree atomic units unless otherwise specified-->
  <general_info>
    <xml_format NAME="QEXSD" VERSION="20.04.20">QEXSD_20.04.20</xml_format>
    <creator NAME="PWSCF" VERSION="6.6">XML file generated by PWSCF</creator>
    <created DATE=" 7Sep2023" TIME="20:51:32">This run was terminated on:  20:51:32   7 Sep 2023</created>
    <job></job>
  </general_info>
  <parallel_info>
    <nprocs>56</nprocs>
    <nthreads>1</nthreads>
    <ntasks>1</ntasks>
    <nbgrp>1</nbgrp>
    <npool>4</npool>
    <ndiag>14</ndiag>
  </parallel_info>
  <input>
    <control_variables>
      <title></title>
      <calculation>scf</calculation>
      <restart_mode>from_scratch</restart_mode>
      <prefix>nio</prefix>
      <pseudo_dir>./</pseudo_dir>
      <outdir>./</outdir>
      <stress>false</stress>
      <forces>false</forces>
      <wf_collect>true</wf_collect>
      <disk_io>low</disk_io>
      <max_seconds>10000000</max_seconds>
      <nstep>1</nstep>
      <etot_conv_thr>5.000000000000000e-5</etot_conv_thr>
      <forc_conv_thr>5.000000000000000e-4</forc_conv_thr>
      <press_conv_thr>5.000000000000000e-1</press_conv_thr>
      <verbosity>low</verbosity>
      <print_every>100000</print_every>
    </control_variables>
    <atomic_species ntyp="4">
      <species name="Ni1">
        <mass>1.000000000000000e0</mass>
        <pseudo_file>Ni_ONCV_PBE_fr.upf</pseudo_file>
        <starting_magnetization>5.000000000000000e-1</starting_magnetization>
      </species>
      <species name="Ni2">
        <mass>1.000000000000000e0</mass>
        <pseudo_file>Ni_ONCV_PBE_fr.upf</pseudo_file>
        <starting_magnetization>-5.000000000000000e-1</starting_magnetization>
      </species>
      <species name="O1">
        <mass>1.000000000000000e0</mass>
        <pseudo_file>O_ONCV_PBE_fr.upf</pseudo_file>
        <starting_magnetization>0.000000000000000e0</starting_magnetization>
      </species>
      <species name="O2">
        <mass>1.000000000000000e0</mass>
        <pseudo_file>O_ONCV_PBE_fr.upf</pseudo_file>
        <starting_magnetization>0.000000000000000e0</starting_magnetization>
      </species>
    </atomic_species>
    <atomic_structure nat="16" alat="1.117228714275e1">
      <atomic_positions>
        <atom name="Ni1" index="1">0.000000000000000e0 0.000000000000000e0 -3.950000000000000e0</atom>
        <atom name="Ni1" index="2">7.900000000000000e0 3.950000000000000e0 0.000000000000000e0</atom>
        <atom name="Ni1" index="3">3.950000000000000e0 7.900000000000000e0 0.000000000000000e0</atom>
        <atom name="Ni1" index="4">3.950000000000000e0 3.950000000000000e0 3.950000000000000e0</atom>
        <atom name="Ni2" index="5">3.950000000000000e0 3.950000000000000e0 -3.950000000000000e0</atom>
        <atom name="Ni2" index="6">3.950000000000000e0 0.000000000000000e0 0.000000000000000e0</atom>
        <atom name="Ni2" index="7">0.000000000000000e0 3.950000000000000e0 0.000000000000000e0</atom>
        <atom name="Ni2" index="8">7.900000000000000e0 7.900000000000000e0 3.950000000000000e0</atom>
        <atom name="O1" index="9">0.000000000000000e0 0.000000000000000e0 0.000000000000000e0</atom>
        <atom name="O2" index="10">3.950000000000000e0 3.950000000000000e0 0.000000000000000e0</atom>
        <atom name="O2" index="11">0.000000000000000e0 3.950000000000000e0 3.950000000000000e0</atom>
        <atom name="O2" index="12">3.950000000000000e0 0.000000000000000e0 3.950000000000000e0</atom>
        <atom name="O2" index="13">7.900000000000000e0 3.950000000000000e0 3.950000000000000e0</atom>
        <atom name="O2" index="14">3.950000000000000e0 7.900000000000000e0 3.950000000000000e0</atom>
        <atom name="O2" index="15">3.950000000000000e0 3.950000000000000e0 7.900000000000000e0</atom>
        <atom name="O2" index="16">7.900000000000000e0 7.900000000000000e0 7.900000000000000e0</atom>
      </atomic_positions>
      <cell>
        <a1>7.900000000000000e0 7.900000000000000e0 0.000000000000000e0</a1>
        <a2>7.900000000000000e0 0.000000000000000e0 7.900000000000000e0</a2>
        <a3>0.000000000000000e0 7.900000000000000e0 7.900000000000000e0</a3>
      </cell>
    </atomic_structure>
    <dft>
      <functional>PBE</functional>
      <dftU>
        <lda_plus_u_kind>0</lda_plus_u_kind>
        <Hubbard_U specie="Ni1" label="3d">1.000000000000000e-10</Hubbard_U>
        <Hubbard_U specie="Ni2" label="3d">1.000000000000000e-10</Hubbard_U>
        <Hubbard_U specie="O1" label="2p">1.000000000000000e-10</Hubbard_U>
        <Hubbard_U specie="O2" label="2p">1.000000000000000e-10</Hubbard_U>
        <Hubbard_alpha specie="Ni1" label="3d">1.000000000000000e-1</Hubbard_alpha>
        <Hubbard_alpha specie="Ni2" label="3d">0.000000000000000e0</Hubbard_alpha>
        <Hubbard_alpha specie="O1" label="2p">0.000000000000000e0</Hubbard_alpha>
        <Hubbard_alpha specie="O2" label="2p">0.000000000000000e0</Hubbard_alpha>
        <U_projection_type>atomic</U_projection_type>
      </dftU>
    </dft>
    <spin>
      <lsda>true</lsda>
      <noncolin>false</noncolin>
      <spinorbit>false</spinorbit>
    </spin>
    <bands>
      <nbnd>120</nbnd>
      <smearing degauss="5.000000000000e-3">gaussian</smearing>
      <tot_charge>0.000000000000000e0</tot_charge>
      <occupations>smearing</occupations>
    </bands>
    <basis>
      <gamma_only>false</gamma_only>
      <ecutwfc>4.000000000000000e1</ecutwfc>
      <ecutrho>1.600000000000000e2</ecutrho>
    </basis>
    <electron_control>
      <diagonalization>davidson</diagonalization>
      <mixing_mode>plain</mixing_mode>
      <mixing_beta>3.000000000000000e-1</mixing_beta>
      <conv_thr>4.999999999999999e-9</conv_thr>
      <mixing_ndim>8</mixing_ndim>
      <max_nstep>100</max_nstep>
      <real_space_q>false</real_space_q>
      <real_space_beta>false</real_space_beta>
      <tq_smoothing>false</tq_smoothing>
      <tbeta_smoothing>false</tbeta_smoothing>
      <diago_thr_init>0.000000000000000e0</diago_thr_init>
      <diago_full_acc>false</diago_full_acc>
      <diago_cg_maxiter>20</diago_cg_maxiter>
      <diago_ppcg_maxiter>20</diago_ppcg_maxiter>
    </electron_control>
    <k_points_IBZ>
      <monkhorst_pack nk1="2" nk2="2" nk3="2" k1="0" k2="0" k3="0">Monkhorst-Pack</monkhorst_pack>
    </k_points_IBZ>
    <ion_control>
      <ion_dynamics>none</ion_dynamics>
      <upscale>1.000000000000000e2</upscale>
      <remove_rigid_rot>false</remove_rigid_rot>
      <refold_pos>false</refold_pos>
    </ion_control>
    <cell_control>
      <cell_dynamics>none</cell_dynamics>
      <pressure>0.000000000000000e0</pressure>
      <wmass>1.600000000000000e1</wmass>
      <cell_factor>0.000000000000000e0</cell_factor>
      <fix_volume>false</fix_volume>
      <fix_area>false</fix_area>
      <isotropic>false</isotropic>
    </cell_control>
    <symmetry_flags>
      <nosym>false</nosym>
      <nosym_evc>false</nosym_evc>
      <noinv>false</noinv>
      <no_t_rev>false</no_t_rev>
      <force_symmorphic>false</force_symmorphic>
      <use_all_frac>false</use_all_frac>
    </symmetry_flags>
  </input>
  <output>
    <convergence_info>
      <scf_conv>
        <convergence_achieved>true</convergence_achieved>
        <n_scf_steps>1</n_scf_steps>
        <scf_error>3.470872520839551e-9</scf_error>
      </scf_conv>
    </convergence_info>
    <algorithmic_info>
      <real_space_q>false</real_space_q>
      <real_space_beta>false</real_space_beta>
      <uspp>false</uspp>
      <paw>false</paw>
    </algorithmic_info>
    <atomic_species ntyp="4" pseudo_dir="./">
      <species name="Ni1">
        <mass>1.000000000000000e0</mass>
        <pseudo_file>Ni_ONCV_PBE_fr.upf</pseudo_file>
        <starting_magnetization>5.000000000000000e-1</starting_magnetization>
      </species>
      <species name="Ni2">
        <mass>1.000000000000000e0</mass>
        <pseudo_file>Ni_ONCV_PBE_fr.upf</pseudo_file>
        <starting_magnetization>-5.000000000000000e-1</starting_magnetization>
      </species>
      <species name="O1">
        <mass>1.000000000000000e0</mass>
        <pseudo_file>O_ONCV_PBE_fr.upf</pseudo_file>
        <starting_magnetization>0.000000000000000e0</starting_magnetization>
      </species>
      <species name="O2">
        <mass>1.000000000000000e0</mass>
        <pseudo_file>O_ONCV_PBE_fr.upf</pseudo_file>
        <starting_magnetization>0.000000000000000e0</starting_magnetization>
      </species>
    </atomic_species>
    <atomic_structure nat="16" alat="7.900000000000e0">
      <atomic_positions>
        <atom name="Ni1" index="1">0.000000000000000e0 0.000000000000000e0 -3.950000000000000e0</atom>
        <atom name="Ni1" index="2">7.900000000000000e0 3.950000000000000e0 0.000000000000000e0</atom>
        <atom name="Ni1" index="3">3.950000000000000e0 7.900000000000000e0 0.000000000000000e0</atom>
        <atom name="Ni1" index="4">3.950000000000000e0 3.950000000000000e0 3.950000000000000e0</atom>
        <atom name="Ni2" index="5">3.950000000000000e0 3.950000000000000e0 -3.950000000000000e0</atom>
        <atom name="Ni2" index="6">3.950000000000000e0 0.000000000000000e0 0.000000000000000e0</atom>
        <atom name="Ni2" index="7">0.000000000000000e0 3.950000000000000e0 0.000000000000000e0</atom>
        <atom name="Ni2" index="8">7.900000000000000e0 7.900000000000000e0 3.950000000000000e0</atom>
        <atom name="O1" index="9">0.000000000000000e0 0.000000000000000e0 0.000000000000000e0</atom>
        <atom name="O2" index="10">3.950000000000000e0 3.950000000000000e0 0.000000000000000e0</atom>
        <atom name="O2" index="11">0.000000000000000e0 3.950000000000000e0 3.950000000000000e0</atom>
        <atom name="O2" index="12">3.950000000000000e0 0.000000000000000e0 3.950000000000000e0</atom>
        <atom name="O2" index="13">7.900000000000000e0 3.950000000000000e0 3.950000000000000e0</atom>
        <atom name="O2" index="14">3.950000000000000e0 7.900000000000000e0 3.950000000000000e0</atom>
        <atom name="O2" index="15">3.950000000000000e0 3.950000000000000e0 7.900000000000000e0</atom>
        <atom name="O2" index="16">7.900000000000000e0 7.900000000000000e0 7.900000000000000e0</atom>
      </atomic_positions>
      <cell>
        <a1>7.900000000000000e0 7.900000000000000e0 0.000000000000000e0</a1>
        <a2>7.900000000000000e0 0.000000000000000e0 7.900000000000000e0</a2>
        <a3>0.000000000000000e0 7.900000000000000e0 7.900000000000000e0</a3>
      </cell>
    </atomic_structure>
    <symmetries>
      <nsym>6</nsym>
      <nrot>48</nrot>
      <space_group>0</space_group>
      <symmetry>
        <info name="identity">crystal_symmetry</info>
        <rotation rank="2" dims="3 3" order="F">
          1.000000000000000e0 0.000000000000000e0 0.000000000000000e0
          0.000000000000000e0 1.000000000000000e0 0.000000000000000e0
          0.000000000000000e0 0.000000000000000e0 1.000000000000000e0
          </rotation>
        <fractional_translation>0.000000000000000e0 0.000000000000000e0 0.000000000000000e0</fractional_translation>
        <equivalent_atoms nat="16" size="16">
          1 2 3 4 5 6 7 8
          9 10 11 12 13 14 15 16
          </equivalent_atoms>
      </symmetry>
      <symmetry>
        <info name="120 deg rotation - cart. axis [-1,-1,-1]">crystal_symmetry</info>
        <rotation rank="2" dims="3 3" order="F">
          0.000000000000000e0 0.000000000000000e0 1.000000000000000e0
          1.000000000000000e0 0.000000000000000e0 0.000000000000000e0
          0.000000000000000e0 1.000000000000000e0 0.000000000000000e0
          </rotation>
        <fractional_translation>0.000000000000000e0 0.000000000000000e0 0.000000000000000e0</fractional_translation>
        <equivalent_atoms nat="16" size="16">
          2 3 1 4 5 8 6 7
          9 12 10 11 15 13 14 16
          </equivalent_atoms>
      </symmetry>
      <symmetry>
        <info name="120 deg rotation - cart. axis [1,1,1]">crystal_symmetry</info>
        <rotation rank="2" dims="3 3" order="F">
          0.000000000000000e0 1.000000000000000e0 0.000000000000000e0
          0.000000000000000e0 0.000000000000000e0 1.000000000000000e0
          1.000000000000000e0 0.000000000000000e0 0.000000000000000e0
          </rotation>
        <fractional_translation>0.000000000000000e0 0.000000000000000e0 0.000000000000000e0</fractional_translation>
        <equivalent_atoms nat="16" size="16">
          3 1 2 4 5 7 8 6
          9 11 12 10 14 15 13 16
          </equivalent_atoms>
      </symmetry>
      <symmetry>
        <info name="inv. 180 deg rotation - cart. axis [1,-1,0]">crystal_symmetry</info>
        <rotation rank="2" dims="3 3" order="F">
          1.000000000000000e0 0.000000000000000e0 0.000000000000000e0
          0.000000000000000e0 0.000000000000000e0 1.000000000000000e0
          0.000000000000000e0 1.000000000000000e0 0.000000000000000e0
          </rotation>
        <fractional_translation>0.000000000000000e0 0.000000000000000e0 0.000000000000000e0</fractional_translation>
        <equivalent_atoms nat="16" size="16">
          1 3 2 4 5 7 6 8
          9 10 12 11 14 13 15 16
          </equivalent_atoms>
      </symmetry>
      <symmetry>
        <info name="inv. 180 deg rotation - cart. axis [-1,0,1]">crystal_symmetry</info>
        <rotation rank="2" dims="3 3" order="F">
          0.000000000000000e0 0.000000000000000e0 1.000000000000000e0
          0.000000000000000e0 1.000000000000000e0 0.000000000000000e0
          1.000000000000000e0 0.000000000000000e0 0.000000000000000e0
          </rotation>
        <fractional_translation>0.000000000000000e0 0.000000000000000e0 0.000000000000000e0</fractional_translation>
        <equivalent_atoms nat="16" size="16">
          3 2 1 4 5 8 7 6
          9 11 10 12 15 14 13 16
          </equivalent_atoms>
      </symmetry>
      <symmetry>
        <info name="inv. 180 deg rotation - cart. axis [0,1,-1]">crystal_symmetry</info>
        <rotation rank="2" dims="3 3" order="F">
          0.000000000000000e0 1.000000000000000e0 0.000000000000000e0
          1.000000000000000e0 0.000000000000000e0 0.000000000000000e0
          0.000000000000000e0 0.000000000000000e0 1.000000000000000e0
          </rotation>
        <fractional_translation>0.000000000000000e0 0.000000000000000e0 0.000000000000000e0</fractional_translation>
        <equivalent_atoms nat="16" size="16">
          2 1 3 4 5 6 8 7
          9 12 11 10 13 15 14 16
          </equivalent_atoms>
      </symmetry>
      <symmetry>
        <info name=" 90 deg rotation - cart. axis [0,0,-1]">lattice_symmetry</info>
        <rotation rank="2" dims="3 3" order="F">
          0.000000000000000e0 -1.000000000000000e0 0.000000000000000e0
          1.000000000000000e0 1.000000000000000e0 1.000000000000000e0
          -1.000000000000000e0 0.000000000000000e0 0.000000000000000e0
          </rotation>
      </symmetry>
      <symmetry>
        <info name=" 90 deg rotation - cart. axis [0,0,1]">lattice_symmetry</info>
        <rotation rank="2" dims="3 3" order="F">
          0.000000000000000e0 0.000000000000000e0 -1.000000000000000e0
          -1.000000000000000e0 0.000000000000000e0 0.000000000000000e0
          1.000000000000000e0 1.000000000000000e0 1.000000000000000e0
          </rotation>
      </symmetry>
      <symmetry>
        <info name="180 deg rotation - cart. axis [1,0,1]">lattice_symmetry</info>
        <rotation rank="2" dims="3 3" order="F">
          -1.000000000000000e0 0.000000000000000e0 0.000000000000000e0
          1.000000000000000e0 1.000000000000000e0 1.000000000000000e0
          0.000000000000000e0 0.000000000000000e0 -1.000000000000000e0
          </rotation>
      </symmetry>
      <symmetry>
        <info name="180 deg rotation - cart. axis [-1,0,1]">lattice_symmetry</info>
        <rotation rank="2" dims="3 3" order="F">
          0.000000000000000e0 0.000000000000000e0 -1.000000000000000e0
          0.000000000000000e0 -1.000000000000000e0 0.000000000000000e0
          -1.000000000000000e0 0.000000000000000e0 0.000000000000000e0
          </rotation>
      </symmetry>
      <symmetry>
        <info name=" 90 deg rotation - cart. axis [0,1,0]">lattice_symmetry</info>
        <rotation rank="2" dims="3 3" order="F">
          1.000000000000000e0 1.000000000000000e0 1.000000000000000e0
          -1.000000000000000e0 0.000000000000000e0 0.000000000000000e0
          0.000000000000000e0 -1.000000000000000e0 0.000000000000000e0
          </rotation>
      </symmetry>
      <symmetry>
        <info name=" 90 deg rotation - cart. axis [0,-1,0]">lattice_symmetry</info>
        <rotation rank="2" dims="3 3" order="F">
          0.000000000000000e0 -1.000000000000000e0 0.000000000000000e0
          0.000000000000000e0 0.000000000000000e0 -1.000000000000000e0
          1.000000000000000e0 1.000000000000000e0 1.000000000000000e0
          </rotation>
      </symmetry>
      <symmetry>
        <info name="180 deg rotation - cart. axis [0,1,1]">lattice_symmetry</info>
        <rotation rank="2" dims="3 3" order="F">
          -1.000000000000000e0 0.000000000000000e0 0.000000000000000e0
          0.000000000000000e0 -1.000000000000000e0 0.000000000000000e0
          1.000000000000000e0 1.000000000000000e0 1.000000000000000e0
          </rotation>
      </symmetry>
      <symmetry>
        <info name="180 deg rotation - cart. axis [0,1,-1]">lattice_symmetry</info>
        <rotation rank="2" dims="3 3" order="F">
          0.000000000000000e0 -1.000000000000000e0 0.000000000000000e0
          -1.000000000000000e0 0.000000000000000e0 0.000000000000000e0
          0.000000000000000e0 0.000000000000000e0 -1.000000000000000e0
          </rotation>
      </symmetry>
      <symmetry>
        <info name=" 90 deg rotation - cart. axis [-1,0,0]">lattice_symmetry</info>
        <rotation rank="2" dims="3 3" order="F">
          1.000000000000000e0 1.000000000000000e0 1.000000000000000e0
          0.000000000000000e0 0.000000000000000e0 -1.000000000000000e0
          -1.000000000000000e0 0.000000000000000e0 0.000000000000000e0
          </rotation>
      </symmetry>
      <symmetry>
        <info name=" 90 deg rotation - cart. axis [1,0,0]">lattice_symmetry</info>
        <rotation rank="2" dims="3 3" order="F">
          0.000000000000000e0 0.000000000000000e0 -1.000000000000000e0
          1.000000000000000e0 1.000000000000000e0 1.000000000000000e0
          0.000000000000000e0 -1.000000000000000e0 0.000000000000000e0
          </rotation>
      </symmetry>
      <symmetry>
        <info name="180 deg rotation - cart. axis [0,0,1]">lattice_symmetry</info>
        <rotation rank="2" dims="3 3" order="F">
          -1.000000000000000e0 -1.000000000000000e0 -1.000000000000000e0
          0.000000000000000e0 0.000000000000000e0 1.000000000000000e0
          0.000000000000000e0 1.000000000000000e0 0.000000000000000e0
          </rotation>
      </symmetry>
      <symmetry>
        <info name="120 deg rotation - cart. axis [-1,1,1]">lattice_symmetry</info>
        <rotation rank="2" dims="3 3" order="F">
          0.000000000000000e0 1.000000000000000e0 0.000000000000000e0
          -1.000000000000000e0 -1.000000000000000e0 -1.000000000000000e0
          0.000000000000000e0 0.000000000000000e0 1.000000000000000e0
          </rotation>
      </symmetry>
      <symmetry>
        <info name="120 deg rotation - cart. axis [1,1,-1]">lattice_symmetry</info>
        <rotation rank="2" dims="3 3" order="F">
          1.000000000000000e0 0.000000000000000e0 0.000000000000000e0
          0.000000000000000e0 0.000000000000000e0 1.000000000000000e0
          -1.000000000000000e0 -1.000000000000000e0 -1.000000000000000e0
          </rotation>
      </symmetry>
      <symmetry>
        <info name="120 deg rotation - cart. axis [1,-1,1]">lattice_symmetry</info>
        <rotation rank="2" dims="3 3" order="F">
          -1.000000000000000e0 -1.000000000000000e0 -1.000000000000000e0
          0.000000000000000e0 1.000000000000000e0 0.000000000000000e0
          1.000000000000000e0 0.000000000000000e0 0.000000000000000e0
          </rotation>
      </symmetry>
      <symmetry>
        <info name="180 deg rotation - cart. axis [0,1,0]">lattice_symmetry</info>
        <rotation rank="2" dims="3 3" order="F">
          0.000000000000000e0 0.000000000000000e0 1.000000000000000e0
          -1.000000000000000e0 -1.000000000000000e0 -1.000000000000000e0
          1.000000000000000e0 0.000000000000000e0 0.000000000000000e0
          </rotation>
      </symmetry>
      <symmetry>
        <info name="120 deg rotation - cart. axis [-1,1,-1]">lattice_symmetry</info>
        <rotation rank="2" dims="3 3" order="F">
          0.000000000000000e0 0.000000000000000e0 1.000000000000000e0
          0.000000000000000e0 1.000000000000000e0 0.000000000000000e0
          -1.000000000000000e0 -1.000000000000000e0 -1.000000000000000e0
          </rotation>
      </symmetry>
      <symmetry>
        <info name="120 deg rotation - cart. axis [1,-1,-1]">lattice_symmetry</info>
        <rotation rank="2" dims="3 3" order="F">
          -1.000000000000000e0 -1.000000000000000e0 -1.000000000000000e0
          1.000000000000000e0 0.000000000000000e0 0.000000000000000e0
          0.000000000000000e0 0.000000000000000e0 1.000000000000000e0
          </rotation>
      </symmetry>
      <symmetry>
        <info name="120 deg rotation - cart. axis [-1,-1,1]">lattice_symmetry</info>
        <rotation rank="2" dims="3 3" order="F">
          1.000000000000000e0 0.000000000000000e0 0.000000000000000e0
          -1.000000000000000e0 -1.000000000000000e0 -1.000000000000000e0
          0.000000000000000e0 1.000000000000000e0 0.000000000000000e0
          </rotation>
      </symmetry>
      <symmetry>
        <info name="inversion">lattice_symmetry</info>
        <rotation rank="2" dims="3 3" order="F">
          -1.000000000000000e0 0.000000000000000e0 0.000000000000000e0
          0.000000000000000e0 -1.000000000000000e0 0.000000000000000e0
          0.000000000000000e0 0.000000000000000e0 -1.000000000000000e0
          </rotation>
      </symmetry>
      <symmetry>
        <info name="inv. 180 deg rotation - cart. axis [0,0,1]">lattice_symmetry</info>
        <rotation rank="2" dims="3 3" order="F">
          1.000000000000000e0 1.000000000000000e0 1.000000000000000e0
          0.000000000000000e0 0.000000000000000e0 -1.000000000000000e0
          0.000000000000000e0 -1.000000000000000e0 0.000000000000000e0
          </rotation>
      </symmetry>
      <symmetry>
        <info name="inv. 180 deg rotation - cart. axis [0,1,0]">lattice_symmetry</info>
        <rotation rank="2" dims="3 3" order="F">
          0.000000000000000e0 0.000000000000000e0 -1.000000000000000e0
          1.000000000000000e0 1.000000000000000e0 1.000000000000000e0
          -1.000000000000000e0 0.000000000000000e0 0.000000000000000e0
          </rotation>
      </symmetry>
      <symmetry>
        <info name="inv. 180 deg rotation - cart. axis [1,0,0]">lattice_symmetry</info>
        <rotation rank="2" dims="3 3" order="F">
          0.000000000000000e0 -1.000000000000000e0 0.000000000000000e0
          -1.000000000000000e0 0.000000000000000e0 0.000000000000000e0
          1.000000000000000e0 1.000000000000000e0 1.000000000000000e0
          </rotation>
      </symmetry>
      <symmetry>
        <info name="inv. 180 deg rotation - cart. axis [1,1,0]">lattice_symmetry</info>
        <rotation rank="2" dims="3 3" order="F">
          -1.000000000000000e0 -1.000000000000000e0 -1.000000000000000e0
          0.000000000000000e0 1.000000000000000e0 0.000000000000000e0
          0.000000000000000e0 0.000000000000000e0 1.000000000000000e0
          </rotation>
      </symmetry>
      <symmetry>
        <info name="180 deg rotation - cart. axis [1,0,0]">lattice_symmetry</info>
        <rotation rank="2" dims="3 3" order="F">
          0.000000000000000e0 1.000000000000000e0 0.000000000000000e0
          1.000000000000000e0 0.000000000000000e0 0.000000000000000e0
          -1.000000000000000e0 -1.000000000000000e0 -1.000000000000000e0
          </rotation>
      </symmetry>
      <symmetry>
        <info name="inv.  90 deg rotation - cart. axis [0,0,-1]">lattice_symmetry</info>
        <rotation rank="2" dims="3 3" order="F">
          0.000000000000000e0 1.000000000000000e0 0.000000000000000e0
          -1.000000000000000e0 -1.000000000000000e0 -1.000000000000000e0
          1.000000000000000e0 0.000000000000000e0 0.000000000000000e0
          </rotation>
      </symmetry>
      <symmetry>
        <info name="inv.  90 deg rotation - cart. axis [0,0,1]">lattice_symmetry</info>
        <rotation rank="2" dims="3 3" order="F">
          0.000000000000000e0 0.000000000000000e0 1.000000000000000e0
          1.000000000000000e0 0.000000000000000e0 0.000000000000000e0
          -1.000000000000000e0 -1.000000000000000e0 -1.000000000000000e0
          </rotation>
      </symmetry>
      <symmetry>
        <info name="inv. 180 deg rotation - cart. axis [1,0,1]">lattice_symmetry</info>
        <rotation rank="2" dims="3 3" order="F">
          1.000000000000000e0 0.000000000000000e0 0.000000000000000e0
          -1.000000000000000e0 -1.000000000000000e0 -1.000000000000000e0
          0.000000000000000e0 0.000000000000000e0 1.000000000000000e0
          </rotation>
      </symmetry>
      <symmetry>
        <info name="180 deg rotation - cart. axis [1,1,0]">lattice_symmetry</info>
        <rotation rank="2" dims="3 3" order="F">
          1.000000000000000e0 1.000000000000000e0 1.000000000000000e0
          0.000000000000000e0 -1.000000000000000e0 0.000000000000000e0
          0.000000000000000e0 0.000000000000000e0 -1.000000000000000e0
          </rotation>
      </symmetry>
      <symmetry>
        <info name="inv.  90 deg rotation - cart. axis [0,1,0]">lattice_symmetry</info>
        <rotation rank="2" dims="3 3" order="F">
          -1.000000000000000e0 -1.000000000000000e0 -1.000000000000000e0
          1.000000000000000e0 0.000000000000000e0 0.000000000000000e0
          0.000000000000000e0 1.000000000000000e0 0.000000000000000e0
          </rotation>
      </symmetry>
      <symmetry>
        <info name="inv.  90 deg rotation - cart. axis [0,-1,0]">lattice_symmetry</info>
        <rotation rank="2" dims="3 3" order="F">
          0.000000000000000e0 1.000000000000000e0 0.000000000000000e0
          0.000000000000000e0 0.000000000000000e0 1.000000000000000e0
          -1.000000000000000e0 -1.000000000000000e0 -1.000000000000000e0
          </rotation>
      </symmetry>
      <symmetry>
        <info name="inv. 180 deg rotation - cart. axis [0,1,1]">lattice_symmetry</info>
        <rotation rank="2" dims="3 3" order="F">
          1.000000000000000e0 0.000000000000000e0 0.000000000000000e0
          0.000000000000000e0 1.000000000000000e0 0.000000000000000e0
          -1.000000000000000e0 -1.000000000000000e0 -1.000000000000000e0
          </rotation>
      </symmetry>
      <symmetry>
        <info name="180 deg rotation - cart. axis [1,-1,0]">lattice_symmetry</info>
        <rotation rank="2" dims="3 3" order="F">
          -1.000000000000000e0 0.000000000000000e0 0.000000000000000e0
          0.000000000000000e0 0.000000000000000e0 -1.000000000000000e0
          0.000000000000000e0 -1.000000000000000e0 0.000000000000000e0
          </rotation>
      </symmetry>
      <symmetry>
        <info name="inv.  90 deg rotation - cart. axis [-1,0,0]">lattice_symmetry</info>
        <rotation rank="2" dims="3 3" order="F">
          -1.000000000000000e0 -1.000000000000000e0 -1.000000000000000e0
          0.000000000000000e0 0.000000000000000e0 1.000000000000000e0
          1.000000000000000e0 0.000000000000000e0 0.000000000000000e0
          </rotation>
      </symmetry>
      <symmetry>
        <info name="inv.  90 deg rotation - cart. axis [1,0,0]">lattice_symmetry</info>
        <rotation rank="2" dims="3 3" order="F">
          0.000000000000000e0 0.000000000000000e0 1.000000000000000e0
          -1.000000000000000e0 -1.000000000000000e0 -1.000000000000000e0
          0.000000000000000e0 1.000000000000000e0 0.000000000000000e0
          </rotation>
      </symmetry>
      <symmetry>
        <info name="inv. 120 deg rotation - cart. axis [-1,-1,-1]">lattice_symmetry</info>
        <rotation rank="2" dims="3 3" order="F">
          0.000000000000000e0 0.000000000000000e0 -1.000000000000000e0
          -1.000000000000000e0 0.000000000000000e0 0.000000000000000e0
          0.000000000000000e0 -1.000000000000000e0 0.000000000000000e0
          </rotation>
      </symmetry>
      <symmetry>
        <info name="inv. 120 deg rotation - cart. axis [-1,1,1]">lattice_symmetry</info>
        <rotation rank="2" dims="3 3" order="F">
          0.000000000000000e0 -1.000000000000000e0 0.000000000000000e0
          1.000000000000000e0 1.000000000000000e0 1.000000000000000e0
          0.000000000000000e0 0.000000000000000e0 -1.000000000000000e0
          </rotation>
      </symmetry>
      <symmetry>
        <info name="inv. 120 deg rotation - cart. axis [1,1,-1]">lattice_symmetry</info>
        <rotation rank="2" dims="3 3" order="F">
          -1.000000000000000e0 0.000000000000000e0 0.000000000000000e0
          0.000000000000000e0 0.000000000000000e0 -1.000000000000000e0
          1.000000000000000e0 1.000000000000000e0 1.000000000000000e0
          </rotation>
      </symmetry>
      <symmetry>
        <info name="inv. 120 deg rotation - cart. axis [1,-1,1]">lattice_symmetry</info>
        <rotation rank="2" dims="3 3" order="F">
          1.000000000000000e0 1.000000000000000e0 1.000000000000000e0
          0.000000000000000e0 -1.000000000000000e0 0.000000000000000e0
          -1.000000000000000e0 0.000000000000000e0 0.000000000000000e0
          </rotation>
      </symmetry>
      <symmetry>
        <info name="inv. 120 deg rotation - cart. axis [1,1,1]">lattice_symmetry</info>
        <rotation rank="2" dims="3 3" order="F">
          0.000000000000000e0 -1.000000000000000e0 0.000000000000000e0
          0.000000000000000e0 0.000000000000000e0 -1.000000000000000e0
          -1.000000000000000e0 0.000000000000000e0 0.000000000000000e0
          </rotation>
      </symmetry>
      <symmetry>
        <info name="inv. 120 deg rotation - cart. axis [-1,1,-1]">lattice_symmetry</info>
        <rotation rank="2" dims="3 3" order="F">
          0.000000000000000e0 0.000000000000000e0 -1.000000000000000e0
          0.000000000000000e0 -1.000000000000000e0 0.000000000000000e0
          1.000000000000000e0 1.000000000000000e0 1.000000000000000e0
          </rotation>
      </symmetry>
      <symmetry>
        <info name="inv. 120 deg rotation - cart. axis [1,-1,-1]">lattice_symmetry</info>
        <rotation rank="2" dims="3 3" order="F">
          1.000000000000000e0 1.000000000000000e0 1.000000000000000e0
          -1.000000000000000e0 0.000000000000000e0 0.000000000000000e0
          0.000000000000000e0 0.000000000000000e0 -1.000000000000000e0
          </rotation>
      </symmetry>
      <symmetry>
        <info name="inv. 120 deg rotation - cart. axis [-1,-1,1]">lattice_symmetry</info>
        <rotation rank="2" dims="3 3" order="F">
          -1.000000000000000e0 0.000000000000000e0 0.000000000000000e0
          1.000000000000000e0 1.000000000000000e0 1.000000000000000e0
          0.000000000000000e0 -1.000000000000000e0 0.000000000000000e0
          </rotation>
      </symmetry>
    </symmetries>
    <basis_set>
      <gamma_only>false</gamma_only>
      <ecutwfc>4.000000000000000e1</ecutwfc>
      <ecutrho>1.600000000000000e2</ecutrho>
      <fft_grid nr1="64" nr2="64" nr3="64"></fft_grid>
      <fft_smooth nr1="64" nr2="64" nr3="64"></fft_smooth>
      <fft_box nr1="64" nr2="64" nr3="64"></fft_box>
      <ngm>95097</ngm>
      <ngms>95097</ngms>
      <npwx>11935</npwx>
      <reciprocal_lattice>
        <b1>5.000000000000000e-1 5.000000000000000e-1 -5.000000000000000e-1</b1>
        <b2>5.000000000000000e-1 -5.000000000000000e-1 5.000000000000000e-1</b2>
        <b3>-5.000000000000000e-1 5.000000000000000e-1 5.000000000000000e-1</b3>
      </reciprocal_lattice>
    </basis_set>
    <dft>
      <functional>PBE</functional>
      <dftU>
        <lda_plus_u_kind>0</lda_plus_u_kind>
        <Hubbard_U specie="Ni1" label="3d">7.349864435130987e-12</Hubbard_U>
        <Hubbard_U specie="Ni2" label="3d">7.349864435130987e-12</Hubbard_U>
        <Hubbard_U specie="O1" label="2p">7.349864435130987e-12</Hubbard_U>
        <Hubbard_U specie="O2" label="2p">7.349864435130987e-12</Hubbard_U>
        <Hubbard_alpha specie="Ni1" label="3d">7.349864435130988e-3</Hubbard_alpha>
        <Hubbard_alpha specie="Ni2" label="3d">0.000000000000000e0</Hubbard_alpha>
        <Hubbard_alpha specie="O1" label="2p">0.000000000000000e0</Hubbard_alpha>
        <Hubbard_alpha specie="O2" label="2p">0.000000000000000e0</Hubbard_alpha>
        <Hubbard_ns specie="Ni1" label="3d" spin="1" index="1" rank="2" dims="5 5" order="F">
          9.825861726078303e-1 -2.885276106495756e-5 -2.885276106423930e-5 4.163508413989430e-16 -5.770410917495080e-5
          -2.885276106495756e-5 9.960896560298586e-1 -3.307977791047477e-6 -4.997368511655605e-5 3.306674775536969e-6
          -2.885276106423930e-5 -3.307977791047477e-6 9.960896560298549e-1 4.997368512222234e-5 3.306674776218457e-6
          4.163508413989430e-16 -4.997368511655605e-5 4.997368512222234e-5 9.825861791856553e-1 -5.172538298301031e-15
          -5.770410917495080e-5 3.306674775536969e-6 3.306674776218457e-6 -5.172538298301031e-15 9.960896735207644e-1
          </Hubbard_ns>
        <Hubbard_ns specie="Ni1" label="3d" spin="2" index="2" rank="2" dims="5 5" order="F">
          3.274670621151711e-1 6.788781386995329e-4 6.788781387004369e-4 1.629488952538183e-16 1.357769648739969e-3
          6.788781386995329e-4 9.921213010303237e-1 5.242040851951594e-5 1.175803537574929e-3 -5.242161570111731e-5
          6.788781387004369e-4 5.242040851951594e-5 9.921213010303200e-1 -1.175803537569323e-3 -5.242161570043522e-5
          1.629488952538183e-16 1.175803537574929e-3 -1.175803537569323e-3 3.274667323253868e-1 -4.254091180509405e-15
          1.357769648739969e-3 -5.242161570111731e-5 -5.242161570043522e-5 -4.254091180509405e-15 9.921214257304541e-1
          </Hubbard_ns>
        <Hubbard_ns specie="Ni1" label="3d" spin="1" index="3" rank="2" dims="5 5" order="F">
          9.825861775412006e-1 -2.885205459148028e-5 -2.885210030594452e-5 -2.848282061578833e-9 -5.770486136361061e-5
          -2.885205459148028e-5 9.960896735207683e-1 -3.306674775334156e-6 -4.997322444655789e-5 3.306674775536969e-6
          -2.885210030594452e-5 -3.306674775334156e-6 9.960896560298547e-1 4.997406661120170e-5 3.307977791931778e-6
          -2.848282061578833e-9 -4.997322444655789e-5 4.997406661120170e-5 9.825861742522850e-1 -3.814941518911388e-10
          -5.770486136361061e-5 3.306674775536969e-6 3.307977791931778e-6 -3.814941518911388e-10 9.960896560298545e-1
          </Hubbard_ns>
        <Hubbard_ns specie="Ni1" label="3d" spin="2" index="4" rank="2" dims="5 5" order="F">
          3.274668147728334e-1 6.788848243660604e-4 6.788366640432949e-4 1.428031654470794e-7 1.357714802749773e-3
          6.788848243660604e-4 9.921214257304582e-1 5.242161570131703e-5 1.175863008297967e-3 -5.242161570111731e-5
          6.788366640432949e-4 5.242161570131703e-5 9.921213010303200e-1 -1.175827482973788e-3 -5.242040851863413e-5
          1.428031654470794e-7 1.175863008297967e-3 -1.175827482973788e-3 3.274669796677245e-1 2.394540021136601e-8
          1.357714802749773e-3 -5.242161570111731e-5 -5.242040851863413e-5 2.394540021136601e-8 9.921213010303200e-1
          </Hubbard_ns>
        <Hubbard_ns specie="Ni1" label="3d" spin="1" index="5" rank="2" dims="5 5" order="F">
          9.825861775412006e-1 -2.885210030666281e-5 -2.885205459076202e-5 2.848282942852774e-9 -5.770486136361061e-5
          -2.885210030666281e-5 9.960896560298586e-1 -3.306674775334156e-6 -4.997406660553540e-5 3.307977791250293e-6
          -2.885205459076202e-5 -3.306674775334156e-6 9.960896735207644e-1 4.997322445222419e-5 3.306674776218452e-6
          2.848282942852774e-9 -4.997406660553540e-5 4.997322445222419e-5 9.825861742522848e-1 3.814838068145419e-10
          -5.770486136361061e-5 3.307977791250293e-6 3.306674776218452e-6 3.814838068145419e-10 9.960896560298547e-1
          </Hubbard_ns>
        <Hubbard_ns specie="Ni1" label="3d" spin="2" index="6" rank="2" dims="5 5" order="F">
          3.274668147728334e-1 6.788366640423912e-4 6.788848243669642e-4 -1.428031651263858e-7 1.357714802749773e-3
          6.788366640423912e-4 9.921213010303239e-1 5.242161570131703e-5 1.175827482979394e-3 -5.242040851931622e-5
          6.788848243669642e-4 5.242161570131703e-5 9.921214257304543e-1 -1.175863008292361e-3 -5.242161570043522e-5
          -1.428031651263858e-7 1.175827482979394e-3 -1.175863008292361e-3 3.274669796677246e-1 -2.394540871953482e-8
          1.357714802749773e-3 -5.242040851931622e-5 -5.242161570043522e-5 -2.394540871953482e-8 9.921213010303198e-1
          </Hubbard_ns>
        <Hubbard_ns specie="Ni1" label="3d" spin="1" index="7" rank="2" dims="5 5" order="F">
          9.825859005893090e-1 -2.885369176017693e-5 -2.885369175945866e-5 4.302286300391138e-16 -5.770738351234409e-5
          -2.885369176017693e-5 9.960895617717936e-1 -3.306840441182378e-6 -4.997606010592103e-5 3.306840441385194e-6
          -2.885369175945866e-5 -3.306840441182378e-6 9.960895617717897e-1 4.997606011158734e-5 3.306840442066679e-6
          4.302286300391138e-16 -4.997606010592103e-5 4.997606011158734e-5 9.825859005893070e-1 -5.172543335405559e-15
          -5.770738351234409e-5 3.306840441385194e-6 3.306840442066679e-6 -5.172543335405559e-15 9.960895617717895e-1
          </Hubbard_ns>
        <Hubbard_ns specie="Ni1" label="3d" spin="2" index="8" rank="2" dims="5 5" order="F">
          3.274639030873126e-1 6.788197586440592e-4 6.788197586449632e-4 1.577447090042475e-16 1.357639517295967e-3
          6.788197586440592e-4 9.921211151259536e-1 5.242260455125716e-5 1.175750311161630e-3 -5.242260455105741e-5
          6.788197586449632e-4 5.242260455125716e-5 9.921211151259495e-1 -1.175750311156025e-3 -5.242260455037534e-5
          1.577447090042475e-16 1.175750311161630e-3 -1.175750311156025e-3 3.274639030873121e-1 -4.254117906547520e-15
          1.357639517295967e-3 -5.242260455105741e-5 -5.242260455037534e-5 -4.254117906547520e-15 9.921211151259495e-1
          </Hubbard_ns>
        <Hubbard_ns specie="Ni2" label="3d" spin="1" index="9" rank="2" dims="5 5" order="F">
          3.318282765347754e-1 6.442274886733436e-4 6.442274886742458e-4 1.612223787748531e-16 1.288454977354536e-3
          6.442274886733436e-4 9.920114966247082e-1 4.463556699709753e-5 1.115834742023211e-3 -4.463556699689775e-5
          6.442274886742458e-4 4.463556699709753e-5 9.920114966247045e-1 -1.115834742017606e-3 -4.463556699621589e-5
          1.612223787748531e-16 1.115834742023211e-3 -1.115834742017606e-3 3.318282765347749e-1 -4.259656892758311e-15
          1.288454977354536e-3 -4.463556699689775e-5 -4.463556699621589e-5 -4.259656892758311e-15 9.920114966247041e-1
          </Hubbard_ns>
        <Hubbard_ns specie="Ni2" label="3d" spin="2" index="10" rank="2" dims="5 5" order="F">
          9.829489895435451e-1 -2.878335293269231e-5 -2.878335293197420e-5 4.510450565348313e-16 -5.756670585737480e-5
          -2.878335293269231e-5 9.960828267574136e-1 -3.485428104041166e-6 -4.985422968297285e-5 3.485428104243974e-6
